123.61;
76.393;
47.214;
29.18;
18.034;
11.146;
6.8884;
4.2572;
2.6311;
1.6261;
1.005;
0.62112;
0.38388;
0.23725;
0.14663;
0.090621;
0.056007;
0.034614;
0.021393;
0.013221;
0.0081713;
0.0050501;
0.0031211;
0.001929;
0.0011922;
0.0007368;
0.00045537;
0.00028143;
0.00017394;
0.0001075;
6.6437e-05;
4.1061e-05;
2.5377e-05;
1.5684e-05;
9.6931e-06;
5.9907e-06;
3.7024e-06;
2.2882e-06;
1.4142e-06;
8.7403e-07;
5.4018e-07;
3.3385e-07;
2.0633e-07;
1.2752e-07;
7.8811e-08;
4.8708e-08;
3.0103e-08;
1.8605e-08;
1.1498e-08;
7.1064e-09;
4.392e-09;
2.7144e-09;
1.6776e-09;
1.0368e-09;
6.4078e-10;
3.9602e-10;
2.4476e-10;
1.5127e-10;
9.3489e-11;
5.7779e-11;
3.571e-11;
2.207e-11;
1.364e-11;
8.4299e-12;
5.2099e-12;
3.2199e-12;
1.99e-12;
1.2299e-12;
7.6012e-13;
4.6978e-13;
2.9034e-13;
1.7944e-13;
1.109e-13;
6.854e-14;
4.236e-14;
2.618e-14;
1.618e-14;
9.9999e-15;
6.1803e-15;
3.8196e-15;
2.3606e-15;
1.459e-15;
9.0169e-16;
5.5727e-16;
3.4441e-16;
2.1286e-16;
1.3155e-16;
8.1305e-17;
5.0249e-17;
3.1056e-17;
1.9194e-17;
1.1862e-17;
7.3313e-18;
4.531e-18;
2.8003e-18;
1.7307e-18;
1.0696e-18;
6.6108e-19;
4.0853e-19;
2.5255e-19;
1.5598e-19;
9.6562e-20;
5.9423e-20;
3.7139e-20;
2.2284e-20;
1.4856e-20;
