5; 1; 20; 
4,98991; 1,01007; 20,696; 
4,97982; 1,02008; 21,3708; 
4,96975; 1,03002; 22,0254; 
4,95969; 1,03991; 22,6606; 
4,94964; 1,04974; 23,277; 
4,93959; 1,05952; 23,8756; 
4,92956; 1,06923; 24,4569; 
4,91954; 1,07889; 25,0217; 
4,90953; 1,08849; 25,5706; 
4,89953; 1,09804; 26,1041; 
4,88954; 1,10753; 26,623; 
4,87956; 1,11696; 27,1276; 
4,86959; 1,12634; 27,6186; 
4,85963; 1,13567; 28,0963; 
4,84968; 1,14494; 28,5614; 
4,83973; 1,15416; 29,0143; 
4,82981; 1,16332; 29,4553; 
4,81989; 1,17243; 29,8849; 
4,80998; 1,18149; 30,3035; 
4,80008; 1,1905; 30,7115; 
4,79019; 1,19946; 31,1092; 
4,78031; 1,20837; 31,4969; 
4,77044; 1,21722; 31,8751; 
4,76058; 1,22603; 32,2439; 
4,75073; 1,23479; 32,6038; 
4,74089; 1,24349; 32,955; 
4,73107; 1,25215; 33,2977; 
4,72125; 1,26076; 33,6323; 
4,71144; 1,26932; 33,959; 
4,70164; 1,27783; 34,278; 
4,69186; 1,28629; 34,5896; 
4,68208; 1,29471; 34,894; 
4,67231; 1,30308; 35,1914; 
4,66256; 1,3114; 35,482; 
4,65281; 1,31968; 35,7661; 
4,64307; 1,32791; 36,0438; 
4,63335; 1,3361; 36,3153; 
4,62363; 1,34424; 36,5808; 
4,61393; 1,35233; 36,8405; 
4,60423; 1,36038; 37,0945; 
4,59455; 1,36838; 37,3429; 
4,58487; 1,37634; 37,586; 
4,57521; 1,38426; 37,8239; 
4,56555; 1,39213; 38,0568; 
4,55591; 1,39996; 38,2846; 
4,54627; 1,40775; 38,5077; 
4,53665; 1,41549; 38,7262; 
4,52704; 1,42319; 38,9401; 
4,51743; 1,43085; 39,1495; 
4,50784; 1,43846; 39,3547; 
4,49826; 1,44604; 39,5556; 
4,48868; 1,45357; 39,7525; 
4,47912; 1,46106; 39,9454; 
4,46957; 1,46851; 40,1344; 
4,46003; 1,47592; 40,3196; 
4,45049; 1,48329; 40,5011; 
4,44097; 1,49061; 40,679; 
4,43146; 1,4979; 40,8535; 
4,42196; 1,50515; 41,0245; 
4,41247; 1,51236; 41,1921; 
4,40299; 1,51953; 41,3565; 
4,39351; 1,52666; 41,5178; 
4,38405; 1,53375; 41,6759; 
4,3746; 1,5408; 41,831; 
4,36516; 1,54781; 41,9831; 
4,35573; 1,55479; 42,1324; 
4,34631; 1,56173; 42,2788; 
4,3369; 1,56862; 42,4225; 
4,3275; 1,57549; 42,5634; 
4,31811; 1,58231; 42,7018; 
4,30873; 1,5891; 42,8375; 
4,29937; 1,59585; 42,9708; 
4,29001; 1,60256; 43,1016; 
4,28066; 1,60924; 43,23; 
4,27132; 1,61588; 43,356; 
4,26199; 1,62248; 43,4797; 
4,25267; 1,62905; 43,6012; 
4,24336; 1,63558; 43,7205; 
4,23407; 1,64207; 43,8376; 
4,22478; 1,64853; 43,9526; 
4,2155; 1,65496; 44,0656; 
4,20624; 1,66135; 44,1765; 
4,19698; 1,66771; 44,2855; 
4,18773; 1,67403; 44,3925; 
4,1785; 1,68031; 44,4976; 
4,16927; 1,68656; 44,6009; 
4,16005; 1,69278; 44,7024; 
4,15085; 1,69896; 44,802; 
4,14165; 1,70511; 44,9; 
4,13247; 1,71123; 44,9962; 
4,12329; 1,71731; 45,0907; 
4,11413; 1,72336; 45,1836; 
4,10497; 1,72938; 45,2749; 
4,09583; 1,73536; 45,3646; 
4,08669; 1,74131; 45,4527; 
4,07757; 1,74723; 45,5393; 
4,06845; 1,75311; 45,6245; 
4,05935; 1,75896; 45,7082; 
4,05026; 1,76478; 45,7904; 
4,04117; 1,77057; 45,8712; 
4,0321; 1,77633; 45,9507; 
4,02304; 1,78205; 46,0288; 
4,01398; 1,78774; 46,1056; 
4,00494; 1,79341; 46,1811; 
3,99591; 1,79904; 46,2553; 
3,98689; 1,80464; 46,3282; 
3,97787; 1,8102; 46,3999; 
3,96887; 1,81574; 46,4704; 
3,95988; 1,82125; 46,5397; 
3,9509; 1,82672; 46,6079; 
3,94193; 1,83217; 46,6749; 
3,93297; 1,83758; 46,7408; 
3,92401; 1,84297; 46,8055; 
3,91507; 1,84833; 46,8692; 
3,90614; 1,85365; 46,9318; 
3,89722; 1,85895; 46,9934; 
3,88831; 1,86421; 47,0539; 
3,87941; 1,86945; 47,1134; 
3,87052; 1,87466; 47,172; 
3,86164; 1,87984; 47,2295; 
3,85277; 1,88498; 47,2861; 
3,84391; 1,8901; 47,3417; 
3,83507; 1,8952; 47,3964; 
3,82623; 1,90026; 47,4502; 
3,8174; 1,90529; 47,5031; 
3,80858; 1,9103; 47,5552; 
3,79977; 1,91528; 47,6063; 
3,79097; 1,92023; 47,6566; 
3,78219; 1,92515; 47,706; 
3,77341; 1,93004; 47,7547; 
3,76464; 1,93491; 47,8025; 
3,75588; 1,93975; 47,8495; 
3,74714; 1,94456; 47,8957; 
3,7384; 1,94934; 47,9411; 
3,72967; 1,9541; 47,9858; 
3,72096; 1,95883; 48,0297; 
3,71225; 1,96353; 48,0729; 
3,70355; 1,9682; 48,1154; 
3,69487; 1,97285; 48,1571; 
3,68619; 1,97747; 48,1982; 
3,67753; 1,98207; 48,2385; 
3,66887; 1,98664; 48,2782; 
3,66023; 1,99118; 48,3172; 
3,65159; 1,9957; 48,3555; 
3,64297; 2,00019; 48,3931; 
3,63435; 2,00465; 48,4302; 
3,62575; 2,00909; 48,4666; 
3,61716; 2,0135; 48,5023; 
3,60857; 2,01789; 48,5375; 
3,6; 2,02225; 48,572; 
3,59143; 2,02658; 48,606; 
3,58288; 2,03089; 48,6394; 
3,57434; 2,03518; 48,6721; 
3,56581; 2,03944; 48,7043; 
3,55728; 2,04367; 48,736; 
3,54877; 2,04788; 48,7671; 
3,54027; 2,05206; 48,7976; 
3,53178; 2,05622; 48,8276; 
3,52329; 2,06036; 48,8571; 
3,51482; 2,06447; 48,8861; 
3,50636; 2,06856; 48,9145; 
3,49791; 2,07262; 48,9424; 
3,48947; 2,07666; 48,9699; 
3,48104; 2,08067; 48,9968; 
3,47262; 2,08466; 49,0232; 
3,46421; 2,08862; 49,0492; 
3,45581; 2,09256; 49,0747; 
3,44742; 2,09648; 49,0997; 
3,43904; 2,10038; 49,1242; 
3,43067; 2,10425; 49,1483; 
3,42231; 2,10809; 49,172; 
3,41396; 2,11192; 49,1952; 
3,40562; 2,11572; 49,2179; 
3,39729; 2,11949; 49,2403; 
3,38897; 2,12325; 49,2622; 
3,38066; 2,12698; 49,2836; 
3,37236; 2,13069; 49,3047; 
3,36408; 2,13437; 49,3254; 
3,3558; 2,13803; 49,3456; 
3,34753; 2,14167; 49,3655; 
3,33927; 2,14529; 49,3849; 
3,33102; 2,14888; 49,404; 
3,32279; 2,15246; 49,4227; 
3,31456; 2,15601; 49,441; 
3,30634; 2,15953; 49,4589; 
3,29814; 2,16304; 49,4765; 
3,28994; 2,16652; 49,4937; 
3,28176; 2,16998; 49,5105; 
3,27358; 2,17342; 49,527; 
3,26541; 2,17684; 49,5431; 
3,25726; 2,18024; 49,5589; 
3,24911; 2,18361; 49,5743; 
3,24098; 2,18696; 49,5894; 
3,23285; 2,19029; 49,6042; 
3,22474; 2,1936; 49,6186; 
3,21663; 2,19689; 49,6327; 
3,20854; 2,20016; 49,6465; 
3,20045; 2,2034; 49,66; 
3,19238; 2,20663; 49,6731; 
3,18432; 2,20983; 49,6859; 
3,17626; 2,21301; 49,6985; 
3,16822; 2,21618; 49,7107; 
3,16019; 2,21932; 49,7226; 
3,15216; 2,22244; 49,7342; 
3,14415; 2,22554; 49,7456; 
3,13615; 2,22862; 49,7566; 
3,12816; 2,23168; 49,7673; 
3,12017; 2,23471; 49,7778; 
3,1122; 2,23773; 49,788; 
3,10424; 2,24073; 49,7979; 
3,09629; 2,24371; 49,8075; 
3,08835; 2,24666; 49,8169; 
3,08042; 2,2496; 49,826; 
3,07249; 2,25252; 49,8348; 
3,06458; 2,25542; 49,8434; 
3,05668; 2,2583; 49,8517; 
3,04879; 2,26115; 49,8598; 
3,04091; 2,26399; 49,8676; 
3,03304; 2,26681; 49,8751; 
3,02518; 2,26961; 49,8824; 
3,01733; 2,27239; 49,8895; 
3,00949; 2,27515; 49,8963; 
3,00166; 2,27789; 49,9029; 
2,99384; 2,28061; 49,9092; 
2,98604; 2,28332; 49,9153; 
2,97824; 2,286; 49,9212; 
2,97045; 2,28866; 49,9268; 
2,96267; 2,29131; 49,9322; 
2,9549; 2,29394; 49,9374; 
2,94714; 2,29654; 49,9423; 
2,9394; 2,29913; 49,9471; 
2,93166; 2,3017; 49,9516; 
2,92393; 2,30426; 49,9559; 
2,91622; 2,30679; 49,96; 
2,90851; 2,3093; 49,9639; 
2,90081; 2,3118; 49,9675; 
2,89312; 2,31428; 49,971; 
2,88545; 2,31674; 49,9743; 
2,87778; 2,31918; 49,9773; 
2,87013; 2,3216; 49,9802; 
2,86248; 2,32401; 49,9828; 
2,85485; 2,32639; 49,9853; 
2,84722; 2,32876; 49,9875; 
2,83961; 2,33111; 49,9896; 
2,832; 2,33345; 49,9914; 
2,82441; 2,33576; 49,9931; 
2,81682; 2,33806; 49,9946; 
2,80925; 2,34034; 49,9959; 
2,80168; 2,3426; 49,997; 
2,79413; 2,34485; 49,998; 
2,78658; 2,34707; 49,9987; 
2,77905; 2,34928; 49,9993; 
2,77153; 2,35147; 49,9997; 
2,76401; 2,35365; 49,9999; 
2,75651; 2,35581; 50; 
2,74902; 2,35795; 49,9999; 
2,74154; 2,36007; 49,9996; 
2,73406; 2,36218; 49,9991; 
2,7266; 2,36427; 49,9985; 
2,71915; 2,36634; 49,9977; 
2,71171; 2,3684; 49,9967; 
2,70428; 2,37043; 49,9956; 
2,69686; 2,37246; 49,9943; 
2,68944; 2,37446; 49,9929; 
2,68204; 2,37645; 49,9912; 
2,67465; 2,37842; 49,9895; 
2,66727; 2,38038; 49,9876; 
2,6599; 2,38232; 49,9855; 
2,65254; 2,38424; 49,9832; 
2,64519; 2,38614; 49,9809; 
2,63785; 2,38803; 49,9783; 
2,63052; 2,38991; 49,9756; 
2,6232; 2,39176; 49,9728; 
2,61589; 2,3936; 49,9698; 
2,60859; 2,39543; 49,9667; 
2,60131; 2,39724; 49,9634; 
2,59403; 2,39903; 49,96; 
2,58676; 2,40081; 49,9564; 
2,5795; 2,40257; 49,9527; 
2,57225; 2,40431; 49,9489; 
2,56501; 2,40604; 49,9449; 
2,55779; 2,40776; 49,9408; 
2,55057; 2,40945; 49,9365; 
2,54336; 2,41114; 49,9322; 
2,53617; 2,4128; 49,9276; 
2,52898; 2,41445; 49,923; 
2,5218; 2,41609; 49,9182; 
2,51464; 2,41771; 49,9133; 
2,50748; 2,41931; 49,9082; 
2,50033; 2,4209; 49,903; 
2,4932; 2,42248; 49,8977; 
2,48607; 2,42404; 49,8923; 
2,47896; 2,42558; 49,8867; 
2,47185; 2,42711; 49,881; 
2,46476; 2,42862; 49,8752; 
2,45767; 2,43012; 49,8693; 
2,4506; 2,4316; 49,8632; 
2,44353; 2,43307; 49,857; 
2,43648; 2,43453; 49,8507; 
2,42943; 2,43596; 49,8443; 
2,4224; 2,43739; 49,8378; 
2,41538; 2,4388; 49,8311; 
2,40836; 2,44019; 49,8243; 
2,40136; 2,44157; 49,8174; 
2,39437; 2,44294; 49,8104; 
2,38738; 2,44429; 49,8033; 
2,38041; 2,44563; 49,7961; 
2,37345; 2,44695; 49,7887; 
2,3665; 2,44825; 49,7813; 
2,35955; 2,44955; 49,7737; 
2,35262; 2,45083; 49,766; 
2,3457; 2,45209; 49,7582; 
2,33879; 2,45334; 49,7503; 
2,33189; 2,45458; 49,7423; 
2,325; 2,4558; 49,7342; 
2,31812; 2,45701; 49,726; 
2,31124; 2,4582; 49,7176; 
2,30438; 2,45938; 49,7092; 
2,29753; 2,46055; 49,7006; 
2,29069; 2,4617; 49,692; 
2,28386; 2,46284; 49,6832; 
2,27704; 2,46396; 49,6744; 
2,27023; 2,46507; 49,6654; 
2,26344; 2,46617; 49,6564; 
2,25665; 2,46725; 49,6472; 
2,24987; 2,46832; 49,638; 
2,2431; 2,46938; 49,6286; 
2,23634; 2,47042; 49,6191; 
2,22959; 2,47145; 49,6096; 
2,22285; 2,47247; 49,5999; 
2,21613; 2,47347; 49,5902; 
2,20941; 2,47446; 49,5803; 
2,2027; 2,47543; 49,5704; 
2,196; 2,4764; 49,5604; 
2,18932; 2,47735; 49,5502; 
2,18264; 2,47828; 49,54; 
2,17597; 2,4792; 49,5297; 
2,16932; 2,48011; 49,5193; 
2,16267; 2,48101; 49,5088; 
2,15603; 2,48189; 49,4982; 
2,14941; 2,48276; 49,4875; 
2,14279; 2,48362; 49,4767; 
2,13619; 2,48447; 49,4659; 
2,12959; 2,4853; 49,4549; 
2,123; 2,48612; 49,4438; 
2,11643; 2,48692; 49,4327; 
2,10986; 2,48772; 49,4215; 
2,10331; 2,4885; 49,4102; 
2,09677; 2,48927; 49,3988; 
2,09023; 2,49002; 49,3873; 
2,08371; 2,49077; 49,3757; 
2,07719; 2,4915; 49,3641; 
2,07069; 2,49221; 49,3523; 
2,0642; 2,49292; 49,3405; 
2,05771; 2,49361; 49,3286; 
2,05124; 2,49429; 49,3166; 
2,04478; 2,49496; 49,3045; 
2,03833; 2,49562; 49,2923; 
2,03188; 2,49626; 49,2801; 
2,02545; 2,49689; 49,2678; 
2,01903; 2,49751; 49,2553; 
2,01262; 2,49812; 49,2429; 
2,00621; 2,49872; 49,2303; 
1,99982; 2,4993; 49,2176; 
1,99344; 2,49987; 49,2049; 
1,98707; 2,50043; 49,1921; 
1,98071; 2,50098; 49,1792; 
1,97436; 2,50151; 49,1662; 
1,96802; 2,50204; 49,1532; 
1,96169; 2,50255; 49,14; 
1,95537; 2,50305; 49,1268; 
1,94906; 2,50354; 49,1135; 
1,94276; 2,50401; 49,1002; 
1,93647; 2,50448; 49,0867; 
1,93019; 2,50493; 49,0732; 
1,92392; 2,50537; 49,0596; 
1,91766; 2,5058; 49,046; 
1,91141; 2,50622; 49,0322; 
1,90518; 2,50663; 49,0184; 
1,89895; 2,50702; 49,0045; 
1,89273; 2,50741; 48,9905; 
1,88652; 2,50778; 48,9765; 
1,88032; 2,50814; 48,9624; 
1,87414; 2,50849; 48,9482; 
1,86796; 2,50883; 48,9339; 
1,86179; 2,50915; 48,9196; 
1,85563; 2,50947; 48,9052; 
1,84949; 2,50978; 48,8907; 
1,84335; 2,51007; 48,8762; 
1,83723; 2,51035; 48,8615; 
1,83111; 2,51062; 48,8469; 
1,825; 2,51088; 48,8321; 
1,81891; 2,51113; 48,8173; 
1,81282; 2,51137; 48,8023; 
1,80675; 2,5116; 48,7874; 
1,80068; 2,51182; 48,7723; 
1,79463; 2,51202; 48,7572; 
1,78858; 2,51222; 48,742; 
1,78255; 2,5124; 48,7268; 
1,77652; 2,51258; 48,7114; 
1,77051; 2,51274; 48,696; 
1,7645; 2,51289; 48,6806; 
1,75851; 2,51303; 48,6651; 
1,75253; 2,51316; 48,6495; 
1,74655; 2,51328; 48,6338; 
1,74059; 2,51339; 48,6181; 
1,73464; 2,51349; 48,6023; 
1,7287; 2,51358; 48,5864; 
1,72276; 2,51366; 48,5705; 
1,71684; 2,51373; 48,5545; 
1,71093; 2,51378; 48,5384; 
1,70503; 2,51383; 48,5223; 
1,69913; 2,51387; 48,5061; 
1,69325; 2,51389; 48,4898; 
1,68738; 2,51391; 48,4735; 
1,68152; 2,51392; 48,4571; 
1,67567; 2,51391; 48,4406; 
1,66983; 2,5139; 48,4241; 
1,664; 2,51387; 48,4075; 
1,65818; 2,51384; 48,3909; 
1,65237; 2,51379; 48,3742; 
1,64657; 2,51374; 48,3574; 
1,64078; 2,51367; 48,3405; 
1,635; 2,5136; 48,3236; 
1,62923; 2,51351; 48,3067; 
1,62347; 2,51342; 48,2896; 
1,61772; 2,51331; 48,2725; 
1,61198; 2,5132; 48,2554; 
1,60625; 2,51308; 48,2382; 
1,60053; 2,51294; 48,2209; 
1,59483; 2,5128; 48,2035; 
1,58913; 2,51264; 48,1861; 
1,58344; 2,51248; 48,1686; 
1,57776; 2,51231; 48,1511; 
1,5721; 2,51213; 48,1335; 
1,56644; 2,51193; 48,1159; 
1,56079; 2,51173; 48,0982; 
1,55515; 2,51152; 48,0804; 
1,54953; 2,5113; 48,0625; 
1,54391; 2,51107; 48,0446; 
1,5383; 2,51083; 48,0267; 
1,53271; 2,51058; 48,0087; 
1,52712; 2,51032; 47,9906; 
1,52155; 2,51005; 47,9724; 
1,51598; 2,50978; 47,9542; 
1,51043; 2,50949; 47,936; 
1,50488; 2,50919; 47,9177; 
1,49935; 2,50889; 47,8993; 
1,49382; 2,50858; 47,8808; 
1,48831; 2,50825; 47,8623; 
1,4828; 2,50792; 47,8438; 
1,47731; 2,50758; 47,8252; 
1,47183; 2,50723; 47,8065; 
1,46635; 2,50687; 47,7878; 
1,46089; 2,5065; 47,769; 
1,45543; 2,50612; 47,7501; 
1,44999; 2,50573; 47,7312; 
1,44456; 2,50534; 47,7122; 
1,43914; 2,50493; 47,6932; 
1,43372; 2,50452; 47,6741; 
1,42832; 2,5041; 47,655; 
1,42293; 2,50366; 47,6358; 
1,41755; 2,50322; 47,6165; 
1,41218; 2,50277; 47,5972; 
1,40681; 2,50232; 47,5779; 
1,40146; 2,50185; 47,5584; 
1,39612; 2,50137; 47,5389; 
1,39079; 2,50089; 47,5194; 
1,38547; 2,5004; 47,4998; 
1,38016; 2,4999; 47,4801; 
1,37486; 2,49939; 47,4604; 
1,36957; 2,49887; 47,4406; 
1,36429; 2,49834; 47,4208; 
1,35902; 2,49781; 47,4009; 
1,35376; 2,49726; 47,381; 
1,34851; 2,49671; 47,361; 
1,34327; 2,49615; 47,3409; 
1,33804; 2,49558; 47,3208; 
1,33282; 2,495; 47,3007; 
1,32761; 2,49441; 47,2804; 
1,32242; 2,49382; 47,2602; 
1,31723; 2,49322; 47,2398; 
1,31205; 2,49261; 47,2194; 
1,30688; 2,49199; 47,199; 
1,30172; 2,49136; 47,1785; 
1,29658; 2,49072; 47,1579; 
1,29144; 2,49008; 47,1373; 
1,28631; 2,48943; 47,1166; 
1,2812; 2,48877; 47,0959; 
1,27609; 2,4881; 47,0751; 
1,27099; 2,48742; 47,0543; 
1,26591; 2,48674; 47,0334; 
1,26083; 2,48605; 47,0125; 
1,25577; 2,48535; 46,9915; 
1,25071; 2,48464; 46,9704; 
1,24566; 2,48392; 46,9493; 
1,24063; 2,4832; 46,9281; 
1,2356; 2,48247; 46,9069; 
1,23059; 2,48173; 46,8856; 
1,22558; 2,48098; 46,8643; 
1,22059; 2,48022; 46,8429; 
1,21561; 2,47946; 46,8215; 
1,21063; 2,47869; 46,8; 
1,20567; 2,47791; 46,7784; 
1,20071; 2,47712; 46,7568; 
1,19577; 2,47633; 46,7352; 
1,19084; 2,47553; 46,7135; 
1,18592; 2,47472; 46,6917; 
1,181; 2,4739; 46,6699; 
1,1761; 2,47308; 46,648; 
1,17121; 2,47224; 46,6261; 
1,16632; 2,47141; 46,6041; 
1,16145; 2,47056; 46,5821; 
1,15659; 2,4697; 46,56; 
1,15174; 2,46884; 46,5378; 
1,1469; 2,46797; 46,5156; 
1,14207; 2,46709; 46,4934; 
1,13725; 2,46621; 46,4711; 
1,13243; 2,46532; 46,4487; 
1,12763; 2,46442; 46,4263; 
1,12284; 2,46351; 46,4038; 
1,11806; 2,4626; 46,3813; 
1,11329; 2,46168; 46,3587; 
1,10853; 2,46075; 46,3361; 
1,10378; 2,45981; 46,3134; 
1,09904; 2,45887; 46,2907; 
1,09431; 2,45792; 46,2679; 
1,0896; 2,45696; 46,2451; 
1,08489; 2,456; 46,2222; 
1,08019; 2,45503; 46,1992; 
1,0755; 2,45405; 46,1762; 
1,07082; 2,45306; 46,1532; 
1,06615; 2,45207; 46,1301; 
1,0615; 2,45107; 46,1069; 
1,05685; 2,45006; 46,0837; 
1,05221; 2,44905; 46,0604; 
1,04758; 2,44803; 46,0371; 
1,04297; 2,447; 46,0137; 
1,03836; 2,44597; 45,9903; 
1,03376; 2,44493; 45,9668; 
1,02918; 2,44388; 45,9432; 
1,0246; 2,44283; 45,9197; 
1,02003; 2,44176; 45,896; 
1,01548; 2,44069; 45,8723; 
1,01093; 2,43962; 45,8486; 
1,0064; 2,43854; 45,8248; 
1,00187; 2,43745; 45,8009; 
0,997355; 2,43635; 45,777; 
0,99285; 2,43525; 45,753; 
0,988356; 2,43414; 45,729; 
0,983871; 2,43303; 45,7049; 
0,979397; 2,43191; 45,6808; 
0,974932; 2,43078; 45,6566; 
0,970478; 2,42964; 45,6324; 
0,966035; 2,4285; 45,6081; 
0,961601; 2,42735; 45,5838; 
0,957178; 2,4262; 45,5594; 
0,952765; 2,42504; 45,5349; 
0,948362; 2,42387; 45,5104; 
0,943969; 2,42269; 45,4859; 
0,939586; 2,42151; 45,4613; 
0,935214; 2,42033; 45,4366; 
0,930852; 2,41913; 45,4119; 
0,9265; 2,41793; 45,3871; 
0,922158; 2,41673; 45,3623; 
0,917826; 2,41552; 45,3375; 
0,913505; 2,4143; 45,3125; 
0,909194; 2,41307; 45,2876; 
0,904893; 2,41184; 45,2625; 
0,900602; 2,4106; 45,2374; 
0,896321; 2,40936; 45,2123; 
0,892051; 2,40811; 45,1871; 
0,887791; 2,40685; 45,1619; 
0,883541; 2,40559; 45,1366; 
0,879301; 2,40432; 45,1112; 
0,875071; 2,40305; 45,0858; 
0,870852; 2,40177; 45,0603; 
0,866642; 2,40048; 45,0348; 
0,862443; 2,39919; 45,0093; 
0,858255; 2,39789; 44,9836; 
0,854076; 2,39659; 44,958; 
0,849908; 2,39528; 44,9322; 
0,845749; 2,39396; 44,9065; 
0,841601; 2,39264; 44,8806; 
0,837463; 2,39131; 44,8547; 
0,833336; 2,38998; 44,8288; 
0,829218; 2,38864; 44,8028; 
0,825111; 2,38729; 44,7767; 
0,821014; 2,38594; 44,7506; 
0,816927; 2,38458; 44,7245; 
0,81285; 2,38322; 44,6983; 
0,808784; 2,38185; 44,672; 
0,804728; 2,38048; 44,6457; 
0,800682; 2,3791; 44,6193; 
0,796646; 2,37771; 44,5929; 
0,79262; 2,37632; 44,5664; 
0,788605; 2,37492; 44,5399; 
0,784599; 2,37352; 44,5133; 
0,780604; 2,37211; 44,4866; 
0,776619; 2,37069; 44,4599; 
0,772645; 2,36927; 44,4332; 
0,76868; 2,36785; 44,4064; 
0,764726; 2,36642; 44,3795; 
0,760782; 2,36498; 44,3526; 
0,756848; 2,36354; 44,3256; 
0,752924; 2,36209; 44,2986; 
0,749011; 2,36064; 44,2715; 
0,745107; 2,35918; 44,2444; 
0,741214; 2,35771; 44,2172; 
0,737331; 2,35624; 44,1899; 
0,733458; 2,35477; 44,1627; 
0,729596; 2,35329; 44,1353; 
0,725744; 2,3518; 44,1079; 
0,721902; 2,35031; 44,0804; 
0,71807; 2,34882; 44,0529; 
0,714248; 2,34731; 44,0253; 
0,710436; 2,34581; 43,9977; 
0,706635; 2,3443; 43,97; 
0,702844; 2,34278; 43,9423; 
0,699063; 2,34126; 43,9145; 
0,695292; 2,33973; 43,8867; 
0,691532; 2,33819; 43,8588; 
0,687781; 2,33666; 43,8308; 
0,684041; 2,33511; 43,8028; 
0,680311; 2,33356; 43,7747; 
0,676591; 2,33201; 43,7466; 
0,672882; 2,33045; 43,7184; 
0,669182; 2,32889; 43,6902; 
0,665493; 2,32732; 43,6619; 
0,661814; 2,32574; 43,6335; 
0,658145; 2,32417; 43,6051; 
0,654487; 2,32258; 43,5767; 
0,650838; 2,32099; 43,5482; 
0,6472; 2,3194; 43,5196; 
0,643572; 2,3178; 43,491; 
0,639955; 2,3162; 43,4623; 
0,636347; 2,31459; 43,4336; 
0,63275; 2,31297; 43,4048; 
0,629162; 2,31136; 43,3759; 
0,625585; 2,30973; 43,347; 
0,622019; 2,3081; 43,318; 
0,618462; 2,30647; 43,289; 
0,614916; 2,30483; 43,2599; 
0,611379; 2,30319; 43,2308; 
0,607853; 2,30154; 43,2016; 
0,604337; 2,29989; 43,1724; 
0,600832; 2,29823; 43,1431; 
0,597336; 2,29657; 43,1137; 
0,593851; 2,2949; 43,0843; 
0,590376; 2,29323; 43,0548; 
0,586911; 2,29156; 43,0253; 
0,583457; 2,28988; 42,9957; 
0,580012; 2,28819; 42,9661; 
0,576578; 2,2865; 42,9364; 
0,573154; 2,28481; 42,9066; 
0,56974; 2,28311; 42,8768; 
0,566336; 2,28141; 42,8469; 
0,562943; 2,2797; 42,817; 
0,55956; 2,27798; 42,787; 
0,556187; 2,27627; 42,757; 
0,552824; 2,27455; 42,7269; 
0,549471; 2,27282; 42,6967; 
0,546129; 2,27109; 42,6665; 
0,542796; 2,26935; 42,6362; 
0,539474; 2,26762; 42,6059; 
0,536163; 2,26587; 42,5755; 
0,532861; 2,26412; 42,545; 
0,529569; 2,26237; 42,5145; 
0,526288; 2,26061; 42,4839; 
0,523017; 2,25885; 42,4533; 
0,519756; 2,25709; 42,4226; 
0,516505; 2,25532; 42,3919; 
0,513265; 2,25354; 42,3611; 
0,510035; 2,25176; 42,3302; 
0,506815; 2,24998; 42,2993; 
0,503605; 2,24819; 42,2683; 
0,500405; 2,2464; 42,2373; 
0,497215; 2,24461; 42,2062; 
0,494036; 2,24281; 42,175; 
0,490867; 2,241; 42,1438; 
0,487708; 2,2392; 42,1126; 
0,484559; 2,23738; 42,0812; 
0,481421; 2,23557; 42,0498; 
0,478293; 2,23375; 42,0184; 
0,475174; 2,23192; 41,9869; 
0,472066; 2,23009; 41,9553; 
0,468969; 2,22826; 41,9236; 
0,465881; 2,22642; 41,892; 
0,462804; 2,22458; 41,8602; 
0,459737; 2,22274; 41,8284; 
0,45668; 2,22089; 41,7965; 
0,453633; 2,21904; 41,7646; 
0,450596; 2,21718; 41,7326; 
0,44757; 2,21532; 41,7005; 
0,444554; 2,21346; 41,6684; 
0,441548; 2,21159; 41,6362; 
0,438552; 2,20971; 41,604; 
0,435567; 2,20784; 41,5717; 
0,432591; 2,20596; 41,5393; 
0,429626; 2,20407; 41,5069; 
0,426671; 2,20219; 41,4744; 
0,423726; 2,20029; 41,4419; 
0,420792; 2,1984; 41,4093; 
0,417867; 2,1965; 41,3766; 
0,414953; 2,1946; 41,3439; 
0,412049; 2,19269; 41,3111; 
0,409156; 2,19078; 41,2782; 
0,406272; 2,18886; 41,2453; 
0,403399; 2,18695; 41,2124; 
0,400535; 2,18502; 41,1793; 
0,397682; 2,1831; 41,1462; 
0,39484; 2,18117; 41,1131; 
0,392007; 2,17924; 41,0798; 
0,389185; 2,1773; 41,0465; 
0,386372; 2,17536; 41,0132; 
0,38357; 2,17342; 40,9798; 
0,380778; 2,17147; 40,9463; 
0,377997; 2,16952; 40,9128; 
0,375225; 2,16756; 40,8791; 
0,372464; 2,1656; 40,8455; 
0,369713; 2,16364; 40,8117; 
0,366972; 2,16168; 40,778; 
0,364242; 2,15971; 40,7441; 
0,361521; 2,15774; 40,7102; 
0,358811; 2,15576; 40,6762; 
0,356111; 2,15378; 40,6421; 
0,353421; 2,1518; 40,608; 
0,350742; 2,14981; 40,5738; 
0,348072; 2,14782; 40,5396; 
0,345413; 2,14583; 40,5053; 
0,342764; 2,14384; 40,4709; 
0,340125; 2,14184; 40,4365; 
0,337496; 2,13983; 40,402; 
0,334878; 2,13783; 40,3674; 
0,33227; 2,13582; 40,3328; 
0,329671; 2,1338; 40,2981; 
0,327084; 2,13179; 40,2633; 
0,324506; 2,12977; 40,2285; 
0,321938; 2,12775; 40,1936; 
0,319381; 2,12572; 40,1587; 
0,316834; 2,12369; 40,1236; 
0,314297; 2,12166; 40,0885; 
0,311771; 2,11962; 40,0534; 
0,309254; 2,11758; 40,0182; 
0,306748; 2,11554; 39,9829; 
0,304252; 2,1135; 39,9475; 
0,301766; 2,11145; 39,9121; 
0,29929; 2,1094; 39,8766; 
0,296825; 2,10734; 39,841; 
0,294369; 2,10528; 39,8054; 
0,291924; 2,10322; 39,7697; 
0,289489; 2,10116; 39,734; 
0,287065; 2,09909; 39,6981; 
0,28465; 2,09702; 39,6623; 
0,282246; 2,09495; 39,6263; 
0,279852; 2,09287; 39,5903; 
0,277468; 2,09079; 39,5542; 
0,275094; 2,08871; 39,518; 
0,27273; 2,08662; 39,4818; 
0,270377; 2,08454; 39,4455; 
0,268034; 2,08245; 39,4091; 
0,265701; 2,08035; 39,3727; 
0,263378; 2,07825; 39,3362; 
0,261066; 2,07615; 39,2996; 
0,258763; 2,07405; 39,2629; 
0,256471; 2,07195; 39,2262; 
0,254189; 2,06984; 39,1894; 
0,251918; 2,06773; 39,1526; 
0,249656; 2,06561; 39,1157; 
0,247405; 2,06349; 39,0787; 
0,245163; 2,06137; 39,0416; 
0,242932; 2,05925; 39,0045; 
0,240712; 2,05713; 38,9673; 
0,238501; 2,055; 38,93; 
0,236301; 2,05287; 38,8927; 
0,234111; 2,05073; 38,8553; 
0,231931; 2,0486; 38,8178; 
0,229761; 2,04646; 38,7802; 
0,227601; 2,04431; 38,7426; 
0,225452; 2,04217; 38,7049; 
0,223313; 2,04002; 38,6671; 
0,221184; 2,03787; 38,6293; 
0,219065; 2,03572; 38,5914; 
0,216956; 2,03356; 38,5534; 
0,214858; 2,03141; 38,5153; 
0,21277; 2,02924; 38,4772; 
0,210692; 2,02708; 38,439; 
0,208624; 2,02492; 38,4007; 
0,206566; 2,02275; 38,3624; 
0,204519; 2,02058; 38,324; 
0,202482; 2,0184; 38,2855; 
0,200455; 2,01623; 38,2469; 
0,198438; 2,01405; 38,2083; 
0,196431; 2,01187; 38,1696; 
0,194435; 2,00968; 38,1308; 
0,192448; 2,0075; 38,0919; 
0,190472; 2,00531; 38,053; 
0,188507; 2,00312; 38,014; 
0,186551; 2,00092; 37,9749; 
0,184605; 1,99873; 37,9357; 
0,18267; 1,99653; 37,8965; 
0,180745; 1,99433; 37,8572; 
0,17883; 1,99212; 37,8178; 
0,176926; 1,98992; 37,7784; 
0,175031; 1,98771; 37,7388; 
0,173147; 1,9855; 37,6992; 
0,171273; 1,98329; 37,6596; 
0,169409; 1,98107; 37,6198; 
0,167555; 1,97885; 37,58; 
0,165712; 1,97663; 37,5401; 
0,163879; 1,97441; 37,5001; 
0,162056; 1,97219; 37,46; 
0,160243; 1,96996; 37,4199; 
0,15844; 1,96773; 37,3797; 
0,156648; 1,9655; 37,3394; 
0,154865; 1,96327; 37,299; 
0,153093; 1,96103; 37,2586; 
0,151331; 1,95879; 37,218; 
0,14958; 1,95655; 37,1774; 
0,147838; 1,95431; 37,1368; 
0,146107; 1,95207; 37,096; 
0,144386; 1,94982; 37,0552; 
0,142675; 1,94757; 37,0143; 
0,140974; 1,94532; 36,9733; 
0,139284; 1,94307; 36,9322; 
0,137603; 1,94081; 36,891; 
0,135933; 1,93856; 36,8498; 
0,134273; 1,9363; 36,8085; 
0,132623; 1,93404; 36,7671; 
0,130984; 1,93177; 36,7256; 
0,129355; 1,92951; 36,6841; 
0,127735; 1,92724; 36,6425; 
0,126127; 1,92497; 36,6008; 
0,124528; 1,9227; 36,559; 
0,122939; 1,92043; 36,5171; 
0,121361; 1,91815; 36,4752; 
0,119793; 1,91587; 36,4331; 
0,118235; 1,91359; 36,391; 
0,116687; 1,91131; 36,3488; 
0,11515; 1,90903; 36,3065; 
0,113622; 1,90674; 36,2642; 
0,112105; 1,90446; 36,2217; 
0,110598; 1,90217; 36,1792; 
0,109101; 1,89988; 36,1366; 
0,107615; 1,89758; 36,0939; 
0,106138; 1,89529; 36,0512; 
0,104672; 1,89299; 36,0083; 
0,103216; 1,89069; 35,9654; 
0,10177; 1,88839; 35,9224; 
0,100335; 1,88609; 35,8793; 
0,0989095; 1,88379; 35,8361; 
0,0974943; 1,88148; 35,7928; 
0,0960893; 1,87917; 35,7494; 
0,0946945; 1,87687; 35,706; 
0,0933099; 1,87455; 35,6625; 
0,0919355; 1,87224; 35,6189; 
0,0905713; 1,86993; 35,5752; 
0,0892173; 1,86761; 35,5314; 
0,0878735; 1,86529; 35,4875; 
0,0865399; 1,86297; 35,4436; 
0,0852165; 1,86065; 35,3996; 
0,0839033; 1,85833; 35,3554; 
0,0826002; 1,856; 35,3112; 
0,0813074; 1,85368; 35,2669; 
0,0800248; 1,85135; 35,2225; 
0,0787524; 1,84902; 35,1781; 
0,0774902; 1,84669; 35,1335; 
0,0762381; 1,84436; 35,0889; 
0,0749963; 1,84202; 35,0442; 
0,0737647; 1,83968; 34,9993; 
0,0725432; 1,83735; 34,9544; 
0,071332; 1,83501; 34,9094; 
0,0701309; 1,83267; 34,8643; 
0,0689401; 1,83032; 34,8192; 
0,0677594; 1,82798; 34,7739; 
0,066589; 1,82563; 34,7286; 
0,0654287; 1,82329; 34,6831; 
0,0642787; 1,82094; 34,6376; 
0,0631388; 1,81859; 34,592; 
0,0620091; 1,81624; 34,5463; 
0,0608897; 1,81388; 34,5005; 
0,0597804; 1,81153; 34,4546; 
0,0586813; 1,80917; 34,4086; 
0,0575925; 1,80682; 34,3625; 
0,0565138; 1,80446; 34,3164; 
0,0554453; 1,8021; 34,2701; 
0,054387; 1,79974; 34,2238; 
0,0533389; 1,79737; 34,1773; 
0,0523011; 1,79501; 34,1308; 
0,0512734; 1,79264; 34,0842; 
0,0502559; 1,79028; 34,0374; 
0,0492486; 1,78791; 33,9906; 
0,0482515; 1,78554; 33,9437; 
0,0472646; 1,78317; 33,8967; 
0,0462879; 1,7808; 33,8496; 
0,0453214; 1,77842; 33,8025; 
0,0443651; 1,77605; 33,7552; 
0,0434189; 1,77367; 33,7078; 
0,042483; 1,77129; 33,6603; 
0,0415573; 1,76891; 33,6128; 
0,0406418; 1,76653; 33,5651; 
0,0397365; 1,76415; 33,5174; 
0,0388413; 1,76177; 33,4695; 
0,0379564; 1,75939; 33,4216; 
0,0370817; 1,757; 33,3735; 
0,0362171; 1,75462; 33,3254; 
0,0353628; 1,75223; 33,2772; 
0,0345187; 1,74984; 33,2288; 
0,0336847; 1,74745; 33,1804; 
0,032861; 1,74506; 33,1319; 
0,0320474; 1,74267; 33,0833; 
0,0312441; 1,74027; 33,0345; 
0,0304509; 1,73788; 32,9857; 
0,029668; 1,73548; 32,9368; 
0,0288952; 1,73309; 32,8878; 
0,0281326; 1,73069; 32,8387; 
0,0273803; 1,72829; 32,7895; 
0,0266381; 1,72589; 32,7402; 
0,0259061; 1,72349; 32,6907; 
0,0251844; 1,72109; 32,6412; 
0,0244728; 1,71869; 32,5916; 
0,0237714; 1,71628; 32,5419; 
0,0230802; 1,71388; 32,4921; 
0,0223992; 1,71147; 32,4422; 
0,0217285; 1,70907; 32,3921; 
0,0210679; 1,70666; 32,342; 
0,0204175; 1,70425; 32,2918; 
0,0197773; 1,70184; 32,2415; 
0,0191473; 1,69943; 32,191; 
0,0185275; 1,69702; 32,1405; 
0,0179179; 1,6946; 32,0899; 
0,0173185; 1,69219; 32,0391; 
0,0167293; 1,68977; 31,9883; 
0,0161503; 1,68736; 31,9374; 
0,0155814; 1,68494; 31,8863; 
0,0150228; 1,68253; 31,8352; 
0,0144744; 1,68011; 31,7839; 
0,0139362; 1,67769; 31,7325; 
0,0134082; 1,67527; 31,6811; 
0,0128903; 1,67285; 31,6295; 
0,0123827; 1,67043; 31,5778; 
0,0118853; 1,668; 31,526; 
0,011398; 1,66558; 31,4741; 
0,010921; 1,66316; 31,4221; 
0,0104541; 1,66073; 31,37; 
0,0099975; 1,65831; 31,3178; 
0,00955105; 1,65588; 31,2655; 
0,0091148; 1,65345; 31,213; 
0,00868875; 1,65103; 31,1605; 
0,00827289; 1,6486; 31,1078; 
0,00786723; 1,64617; 31,0551; 
0,00747177; 1,64374; 31,0022; 
0,00708651; 1,64131; 30,9492; 
0,00671144; 1,63887; 30,8962; 
0,00634657; 1,63644; 30,843; 
0,0059919; 1,63401; 30,7896; 
0,00564742; 1,63158; 30,7362; 
0,00531315; 1,62914; 30,6827; 
0,00498907; 1,62671; 30,6291; 
0,00467518; 1,62427; 30,5753; 
0,0043715; 1,62184; 30,5214; 
0,00407801; 1,6194; 30,4675; 
0,00379472; 1,61696; 30,4134; 
0,00352162; 1,61452; 30,3592; 
0,00325872; 1,61208; 30,3048; 
0,00300602; 1,60964; 30,2504; 
0,00276352; 1,60721; 30,1959; 
0,00253122; 1,60476; 30,1412; 
0,00230911; 1,60232; 30,0864; 
0,0020972; 1,59988; 30,0315; 
0,00189548; 1,59744; 29,9765; 
0,00170397; 1,595; 29,9214; 
0,00152265; 1,59255; 29,8662; 
0,00135153; 1,59011; 29,8108; 
0,0011906; 1,58767; 29,7553; 
0,00103988; 1,58522; 29,6997; 
0,000899346; 1,58278; 29,644; 
0,000769013; 1,58033; 29,5882; 
0,000648877; 1,57788; 29,5323; 
0,000538939; 1,57544; 29,4762; 
0,000439198; 1,57299; 29,42; 
0,000349655; 1,57054; 29,3637; 
0,000270308; 1,5681; 29,3073; 
0,00020116; 1,56565; 29,2507; 
0,000142209; 1,5632; 29,1941; 
9,34557e-05; 1,56075; 29,1373; 
5,49023e-05; 1,5583; 29,0804; 
2,65536e-05; 1,55585; 29,0234; 
8,44508e-06; 1,5534; 28,9662; 
1,04415e-06; 1,55095; 28,909; 
-4,5226e-07; 1,5485; 28,8518; 
-1,69597e-07; 1,54606; 28,7947; 
-6,3599e-08; 1,54363; 28,738; 
-2,38496e-08; 1,54122; 28,6815; 
-8,94361e-09; 1,53881; 28,6253; 
-3,35385e-09; 1,53641; 28,5694; 
-1,2577e-09; 1,53402; 28,5138; 
-4,71636e-10; 1,53163; 28,4584; 
-1,76863e-10; 1,52926; 28,4033; 
-6,63238e-11; 1,5269; 28,3485; 
-2,48714e-11; 1,52455; 28,294; 
-9,32678e-12; 1,52221; 28,2397; 
-3,49754e-12; 1,51987; 28,1857; 
-1,31158e-12; 1,51755; 28,132; 
-4,91842e-13; 1,51524; 28,0785; 
-1,84441e-13; 1,51293; 28,0254; 
-6,91653e-14; 1,51064; 27,9725; 
-2,5937e-14; 1,50835; 27,9198; 
-9,72637e-15; 1,50607; 27,8674; 
-3,64739e-15; 1,50381; 27,8153; 
-1,36777e-15; 1,50155; 27,7635; 
-5,12914e-16; 1,4993; 27,7119; 
-1,92343e-16; 1,49706; 27,6606; 
-7,21285e-17; 1,49483; 27,6096; 
-2,70482e-17; 1,49261; 27,5588; 
-1,01431e-17; 1,49039; 27,5083; 
-3,80365e-18; 1,48819; 27,4581; 
-1,42637e-18; 1,48599; 27,4081; 
-5,34889e-19; 1,48381; 27,3584; 
-2,00583e-19; 1,48163; 27,3089; 
-7,52187e-20; 1,47946; 27,2597; 
-2,8207e-20; 1,47731; 27,2108; 
-1,05776e-20; 1,47516; 27,1621; 
-3,96661e-21; 1,47301; 27,1136; 
-1,48748e-21; 1,47088; 27,0655; 
-5,57805e-22; 1,46876; 27,0176; 
-2,09177e-22; 1,46664; 26,9699; 
-7,84413e-23; 1,46454; 26,9225; 
-2,94155e-23; 1,46244; 26,8754; 
-1,10308e-23; 1,46035; 26,8285; 
-4,13655e-24; 1,45827; 26,7819; 
-1,55121e-24; 1,4562; 26,7355; 
-5,81703e-25; 1,45414; 26,6894; 
-2,18138e-25; 1,45208; 26,6435; 
-8,18019e-26; 1,45004; 26,5979; 
-3,06757e-26; 1,448; 26,5525; 
-1,15034e-26; 1,44597; 26,5074; 
-4,31377e-27; 1,44395; 26,4625; 
-1,61767e-27; 1,44194; 26,4178; 
-6,06624e-28; 1,43993; 26,3735; 
-2,27484e-28; 1,43794; 26,3293; 
-8,53066e-29; 1,43595; 26,2854; 
-3,199e-29; 1,43397; 26,2418; 
-1,19962e-29; 1,432; 26,1984; 
-4,49859e-30; 1,43004; 26,1552; 
-1,68697e-30; 1,42808; 26,1123; 
-6,32614e-31; 1,42614; 26,0696; 
-2,3723e-31; 1,4242; 26,0272; 
-8,89613e-32; 1,42227; 25,985; 
-3,33605e-32; 1,42035; 25,943; 
-1,25102e-32; 1,41843; 25,9013; 
-4,69132e-33; 1,41653; 25,8598; 
-1,75925e-33; 1,41463; 25,8185; 
-6,59717e-34; 1,41274; 25,7775; 
-2,47394e-34; 1,41086; 25,7368; 
-9,27727e-35; 1,40898; 25,6962; 
-3,47898e-35; 1,40712; 25,6559; 
-1,30462e-35; 1,40526; 25,6158; 
-4,89231e-36; 1,40341; 25,576; 
-1,83462e-36; 1,40157; 25,5364; 
-6,87981e-37; 1,39973; 25,497; 
-2,57993e-37; 1,39791; 25,4578; 
-9,67473e-38; 1,39609; 25,4189; 
-3,62803e-38; 1,39427; 25,3802; 
-1,36051e-38; 1,39247; 25,3417; 
-5,10191e-39; 1,39067; 25,3035; 
-1,91322e-39; 1,38888; 25,2654; 
-7,17456e-40; 1,3871; 25,2276; 
-2,69046e-40; 1,38533; 25,1901; 
-1,00892e-40; 1,38356; 25,1527; 
-3,78346e-41; 1,3818; 25,1156; 
-1,4188e-41; 1,38005; 25,0787; 
-5,32049e-42; 1,37831; 25,042; 
-1,99518e-42; 1,37657; 25,0055; 
-7,48194e-43; 1,37484; 24,9693; 
-2,80573e-43; 1,37312; 24,9332; 
-1,05215e-43; 1,37141; 24,8974; 
-3,94555e-44; 1,3697; 24,8618; 
-1,47958e-44; 1,368; 24,8264; 
-5,54844e-45; 1,36631; 24,7912; 
-2,08066e-45; 1,36462; 24,7563; 
-7,80249e-46; 1,36295; 24,7215; 
-2,92593e-46; 1,36127; 24,687; 
-1,09722e-46; 1,35961; 24,6527; 
-4,11459e-47; 1,35795; 24,6185; 
-1,54297e-47; 1,3563; 24,5846; 
-5,78615e-48; 1,35466; 24,5509; 
-2,16981e-48; 1,35303; 24,5174; 
-8,13677e-49; 1,3514; 24,4842; 
-3,05129e-49; 1,34978; 24,4511; 
-1,14423e-49; 1,34816; 24,4182; 
-4,29087e-50; 1,34655; 24,3855; 
-1,60908e-50; 1,34495; 24,3531; 
-6,03404e-51; 1,34336; 24,3208; 
-2,26277e-51; 1,34177; 24,2887; 
-8,48537e-52; 1,34019; 24,2569; 
-3,18201e-52; 1,33862; 24,2252; 
-1,19326e-52; 1,33705; 24,1938; 
-4,47471e-53; 1,33549; 24,1625; 
-1,67802e-53; 1,33394; 24,1314; 
-6,29256e-54; 1,33239; 24,1005; 
-2,35971e-54; 1,33085; 24,0699; 
-8,84891e-55; 1,32932; 24,0394; 
-3,31834e-55; 1,3278; 24,0091; 
-1,24438e-55; 1,32628; 23,979; 
-4,66642e-56; 1,32476; 23,9491; 
-1,74991e-56; 1,32326; 23,9194; 
-6,56215e-57; 1,32176; 23,8899; 
-2,46081e-57; 1,32026; 23,8605; 
-9,22802e-58; 1,31878; 23,8314; 
-3,46051e-58; 1,31729; 23,8024; 
-1,29769e-58; 1,31582; 23,7736; 
-4,86634e-59; 1,31435; 23,7451; 
-1,82488e-59; 1,31289; 23,7167; 
-6,84329e-60; 1,31144; 23,6884; 
-2,56623e-60; 1,30999; 23,6604; 
-9,62338e-61; 1,30855; 23,6325; 
-3,60877e-61; 1,30711; 23,6049; 
-1,35329e-61; 1,30568; 23,5774; 
-5,07483e-62; 1,30426; 23,5501; 
-1,90306e-62; 1,30284; 23,523; 
-7,13648e-63; 1,30143; 23,496; 
-2,67618e-63; 1,30002; 23,4692; 
-1,00357e-63; 1,29862; 23,4426; 
-3,76338e-64; 1,29723; 23,4162; 
-1,41127e-64; 1,29585; 23,39; 
-5,29225e-65; 1,29446; 23,3639; 
-1,98459e-65; 1,29309; 23,338; 
-7,44222e-66; 1,29172; 23,3123; 
-2,79083e-66; 1,29036; 23,2867; 
-1,04656e-66; 1,289; 23,2613; 
-3,92461e-67; 1,28765; 23,2361; 
-1,47173e-67; 1,28631; 23,2111; 
-5,51898e-68; 1,28497; 23,1862; 
-2,06962e-68; 1,28364; 23,1615; 
-7,76107e-69; 1,28231; 23,1369; 
-2,9104e-69; 1,28099; 23,1125; 
-1,0914e-69; 1,27967; 23,0883; 
-4,09275e-70; 1,27836; 23,0643; 
-1,53478e-70; 1,27706; 23,0404; 
-5,75543e-71; 1,27576; 23,0166; 
-2,15829e-71; 1,27447; 22,9931; 
-8,09358e-72; 1,27318; 22,9697; 
-3,03509e-72; 1,2719; 22,9464; 
-1,13816e-72; 1,27063; 22,9233; 
-4,2681e-73; 1,26936; 22,9004; 
-1,60054e-73; 1,2681; 22,8776; 
-6,00201e-74; 1,26684; 22,855; 
-2,25075e-74; 1,26559; 22,8326; 
-8,44033e-75; 1,26434; 22,8103; 
-3,16512e-75; 1,2631; 22,7881; 
-1,18692e-75; 1,26186; 22,7661; 
-4,45095e-76; 1,26063; 22,7443; 
-1,66911e-76; 1,25941; 22,7226; 
-6,25915e-77; 1,25819; 22,701; 
-2,34718e-77; 1,25697; 22,6796; 
-8,80194e-78; 1,25576; 22,6584; 
-3,30073e-78; 1,25456; 22,6373; 
-1,23777e-78; 1,25336; 22,6164; 
-4,64165e-79; 1,25217; 22,5956; 
-1,74062e-79; 1,25098; 22,5749; 
-6,52731e-80; 1,2498; 22,5544; 
-2,44774e-80; 1,24862; 22,534; 
-9,17904e-81; 1,24745; 22,5138; 
-3,44214e-81; 1,24628; 22,4937; 
-1,2908e-81; 1,24512; 22,4738; 
-4,84051e-82; 1,24397; 22,454; 
-1,81519e-82; 1,24282; 22,4343; 
-6,80696e-83; 1,24167; 22,4148; 
-2,55261e-83; 1,24053; 22,3954; 
-9,57229e-84; 1,2394; 22,3762; 
-3,58961e-84; 1,23826; 22,3571; 
-1,3461e-84; 1,23714; 22,3381; 
-5,04789e-85; 1,23602; 22,3193; 
-1,89296e-85; 1,2349; 22,3006; 
-7,09859e-86; 1,23379; 22,282; 
-2,66197e-86; 1,23269; 22,2636; 
-9,9824e-87; 1,23159; 22,2453; 
-3,7434e-87; 1,23049; 22,2271; 
-1,40377e-87; 1,2294; 22,2091; 
-5,26415e-88; 1,22832; 22,1912; 
-1,97406e-88; 1,22724; 22,1734; 
-7,40272e-89; 1,22616; 22,1558; 
-2,77602e-89; 1,22509; 22,1383; 
-1,04101e-89; 1,22403; 22,1209; 
-3,90378e-90; 1,22296; 22,1036; 
-1,46392e-90; 1,22191; 22,0865; 
-5,48969e-91; 1,22086; 22,0695; 
-2,05863e-91; 1,21981; 22,0526; 
-7,71987e-92; 1,21877; 22,0358; 
-2,89495e-92; 1,21773; 22,0192; 
-1,08561e-92; 1,2167; 22,0026; 
-4,07103e-93; 1,21567; 21,9862; 
-1,52663e-93; 1,21465; 21,97; 
-5,72488e-94; 1,21363; 21,9538; 
-2,14683e-94; 1,21261; 21,9378; 
-8,05061e-95; 1,2116; 21,9218; 
-3,01898e-95; 1,2106; 21,906; 
-1,13212e-95; 1,2096; 21,8904; 
-4,24544e-96; 1,2086; 21,8748; 
-1,59204e-96; 1,20761; 21,8593; 
-5,97015e-97; 1,20662; 21,844; 
-2,23881e-97; 1,20564; 21,8288; 
-8,39552e-98; 1,20466; 21,8137; 
-3,14832e-98; 1,20369; 21,7987; 
-1,18062e-98; 1,20272; 21,7838; 
-4,42733e-99; 1,20176; 21,769; 
-1,66025e-99; 1,2008; 21,7543; 
-6,22593e-100; 1,19984; 21,7398; 
-2,33472e-100; 1,19889; 21,7253; 
-8,75521e-101; 1,19794; 21,711; 
-3,2832e-101; 1,197; 21,6968; 
-1,2312e-101; 1,19606; 21,6826; 
-4,61701e-102; 1,19513; 21,6686; 
-1,73138e-102; 1,1942; 21,6547; 
-6,49267e-103; 1,19327; 21,6409; 
-2,43475e-103; 1,19235; 21,6272; 
-9,13031e-104; 1,19143; 21,6136; 
-3,42387e-104; 1,19052; 21,6001; 
-1,28395e-104; 1,18961; 21,5867; 
-4,81481e-105; 1,1887; 21,5734; 
-1,80555e-105; 1,1878; 21,5603; 
-6,77083e-106; 1,18691; 21,5472; 
-2,53906e-106; 1,18601; 21,5342; 
-9,52148e-107; 1,18513; 21,5213; 
-3,57055e-107; 1,18424; 21,5085; 
-1,33896e-107; 1,18336; 21,4958; 
-5,02109e-108; 1,18248; 21,4832; 
-1,88291e-108; 1,18161; 21,4707; 
-7,06091e-109; 1,18074; 21,4583; 
-2,64784e-109; 1,17988; 21,446; 
-9,92941e-110; 1,17902; 21,4338; 
-3,72353e-110; 1,17816; 21,4217; 
-1,39632e-110; 1,17731; 21,4097; 
-5,23621e-111; 1,17646; 21,3978; 
-1,96358e-111; 1,17562; 21,3859; 
-7,36342e-112; 1,17478; 21,3742; 
-2,76128e-112; 1,17394; 21,3625; 
-1,03548e-112; 1,17311; 21,351; 
-3,88305e-113; 1,17228; 21,3395; 
-1,45615e-113; 1,17145; 21,3281; 
-5,46054e-114; 1,17063; 21,3168; 
-2,0477e-114; 1,16981; 21,3056; 
-7,67889e-115; 1,169; 21,2945; 
-2,87958e-115; 1,16819; 21,2835; 
-1,07984e-115; 1,16738; 21,2725; 
-4,04942e-116; 1,16658; 21,2617; 
-1,51853e-116; 1,16578; 21,2509; 
-5,69449e-117; 1,16499; 21,2402; 
-2,13543e-117; 1,1642; 21,2296; 
-8,00788e-118; 1,16341; 21,2191; 
-3,00295e-118; 1,16262; 21,2087; 
-1,12611e-118; 1,16184; 21,1983; 
-4,2229e-119; 1,16107; 21,188; 
-1,58359e-119; 1,16029; 21,1778; 
-5,93846e-120; 1,15952; 21,1677; 
-2,22692e-120; 1,15876; 21,1577; 
-8,35096e-121; 1,15799; 21,1477; 
-3,13161e-121; 1,15723; 21,1379; 
-1,17435e-121; 1,15648; 21,1281; 
-4,40383e-122; 1,15573; 21,1184; 
-1,65143e-122; 1,15498; 21,1087; 
-6,19288e-123; 1,15423; 21,0992; 
-2,32233e-123; 1,15349; 21,0897; 
-8,70874e-124; 1,15275; 21,0803; 
-3,26578e-124; 1,15202; 21,0709; 
-1,22467e-124; 1,15129; 21,0617; 
-4,5925e-125; 1,15056; 21,0525; 
-1,72219e-125; 1,14983; 21,0434; 
-6,4582e-126; 1,14911; 21,0343; 
-2,42182e-126; 1,14839; 21,0254; 
-9,08184e-127; 1,14768; 21,0165; 
-3,40569e-127; 1,14697; 21,0077; 
-1,27713e-127; 1,14626; 20,9989; 
-4,78925e-128; 1,14555; 20,9902; 
-1,79597e-128; 1,14485; 20,9816; 
-6,73489e-129; 1,14416; 20,9731; 
-2,52558e-129; 1,14346; 20,9646; 
-9,47094e-130; 1,14277; 20,9562; 
-3,5516e-130; 1,14208; 20,9479; 
-1,33185e-130; 1,1414; 20,9396; 
-4,99444e-131; 1,14071; 20,9314; 
-1,87291e-131; 1,14003; 20,9233; 
-7,02343e-132; 1,13936; 20,9152; 
-2,63379e-132; 1,13869; 20,9072; 
-9,8767e-133; 1,13802; 20,8993; 
-3,70376e-133; 1,13735; 20,8914; 
-1,38891e-133; 1,13669; 20,8836; 
-5,20841e-134; 1,13603; 20,8759; 
-1,95316e-134; 1,13537; 20,8682; 
-7,32433e-135; 1,13472; 20,8606; 
-2,74662e-135; 1,13407; 20,853; 
-1,02998e-135; 1,13342; 20,8455; 
-3,86244e-136; 1,13277; 20,8381; 
-1,44842e-136; 1,13213; 20,8307; 
-5,43156e-137; 1,13149; 20,8234; 
-2,03683e-137; 1,13086; 20,8162; 
-7,63813e-138; 1,13022; 20,809; 
-2,8643e-138; 1,1296; 20,8019; 
-1,07411e-138; 1,12897; 20,7948; 
-4,02792e-139; 1,12834; 20,7878; 
-1,51047e-139; 1,12772; 20,7808; 
-5,66426e-140; 1,12711; 20,7739; 
-2,1241e-140; 1,12649; 20,7671; 
-7,96537e-141; 1,12588; 20,7603; 
-2,98701e-141; 1,12527; 20,7536; 
-1,12013e-141; 1,12466; 20,7469; 
-4,20049e-142; 1,12406; 20,7403; 
-1,57518e-142; 1,12346; 20,7337; 
-5,90693e-143; 1,12286; 20,7272; 
-2,2151e-143; 1,12227; 20,7208; 
-8,30663e-144; 1,12167; 20,7144; 
-3,11499e-144; 1,12108; 20,7081; 
-1,16812e-144; 1,1205; 20,7018; 
-4,38045e-145; 1,11991; 20,6955; 
-1,64267e-145; 1,11933; 20,6893; 
-6,16e-146; 1,11875; 20,6832; 
-2,31e-146; 1,11818; 20,6771; 
-8,66251e-147; 1,1176; 20,6711; 
-3,24844e-147; 1,11703; 20,6651; 
-1,21817e-147; 1,11647; 20,6592; 
-4,56812e-148; 1,1159; 20,6533; 
-1,71304e-148; 1,11534; 20,6475; 
-6,42392e-149; 1,11478; 20,6417; 
-2,40897e-149; 1,11422; 20,636; 
-9,03363e-150; 1,11367; 20,6303; 
-3,38761e-150; 1,11312; 20,6247; 
-1,27035e-150; 1,11257; 20,6191; 
-4,76383e-151; 1,11202; 20,6135; 
-1,78644e-151; 1,11148; 20,608; 
-6,69914e-152; 1,11094; 20,6026; 
-2,51218e-152; 1,1104; 20,5972; 
-9,42066e-153; 1,10986; 20,5918; 
-3,53275e-153; 1,10933; 20,5865; 
-1,32478e-153; 1,1088; 20,5813; 
-4,96793e-154; 1,10827; 20,576; 
-1,86297e-154; 1,10774; 20,5709; 
-6,98615e-155; 1,10722; 20,5657; 
-2,6198e-155; 1,1067; 20,5606; 
-9,82427e-156; 1,10618; 20,5556; 
-3,6841e-156; 1,10566; 20,5506; 
-1,38154e-156; 1,10515; 20,5456; 
-5,18077e-157; 1,10464; 20,5407; 
-1,94279e-157; 1,10413; 20,5358; 
-7,28545e-158; 1,10362; 20,531; 
-2,73204e-158; 1,10312; 20,5262; 
-1,02452e-158; 1,10261; 20,5215; 
-3,84194e-159; 1,10212; 20,5168; 
-1,44073e-159; 1,10162; 20,5121; 
-5,40273e-160; 1,10112; 20,5075; 
-2,02602e-160; 1,10063; 20,5029; 
-7,59758e-161; 1,10014; 20,4983; 
-2,84909e-161; 1,09965; 20,4938; 
-1,06841e-161; 1,09917; 20,4893; 
-4,00654e-162; 1,09869; 20,4849; 
-1,50245e-162; 1,09821; 20,4805; 
-5,63419e-163; 1,09773; 20,4762; 
-2,11282e-163; 1,09725; 20,4718; 
-7,92308e-164; 1,09678; 20,4676; 
-2,97116e-164; 1,09631; 20,4633; 
-1,11418e-164; 1,09584; 20,4591; 
-4,17819e-165; 1,09537; 20,4549; 
-1,56682e-165; 1,0949; 20,4508; 
-5,87558e-166; 1,09444; 20,4467; 
-2,20334e-166; 1,09398; 20,4426; 
-8,26253e-167; 1,09352; 20,4386; 
-3,09845e-167; 1,09307; 20,4346; 
-1,16192e-167; 1,09261; 20,4307; 
-4,35719e-168; 1,09216; 20,4267; 
-1,63395e-168; 1,09171; 20,4228; 
-6,12731e-169; 1,09126; 20,419; 
-2,29774e-169; 1,09082; 20,4152; 
-8,61652e-170; 1,09038; 20,4114; 
-3,2312e-170; 1,08993; 20,4076; 
-1,2117e-170; 1,0895; 20,4039; 
-4,54387e-171; 1,08906; 20,4002; 
-1,70395e-171; 1,08862; 20,3965; 
-6,38982e-172; 1,08819; 20,3929; 
-2,39618e-172; 1,08776; 20,3893; 
-8,98568e-173; 1,08733; 20,3858; 
-3,36963e-173; 1,08691; 20,3822; 
-1,26361e-173; 1,08648; 20,3787; 
-4,73854e-174; 1,08606; 20,3753; 
-1,77695e-174; 1,08564; 20,3718; 
-6,66357e-175; 1,08522; 20,3684; 
-2,49884e-175; 1,0848; 20,365; 
-9,37065e-176; 1,08439; 20,3617; 
-3,51399e-176; 1,08398; 20,3584; 
-1,31775e-176; 1,08357; 20,3551; 
-4,94155e-177; 1,08316; 20,3518; 
-1,85308e-177; 1,08275; 20,3486; 
-6,94906e-178; 1,08235; 20,3454; 
-2,6059e-178; 1,08194; 20,3422; 
-9,77212e-179; 1,08154; 20,339; 
-3,66454e-179; 1,08114; 20,3359; 
-1,3742e-179; 1,08075; 20,3328; 
-5,15326e-180; 1,08035; 20,3298; 
-1,93247e-180; 1,07996; 20,3267; 
-7,24678e-181; 1,07957; 20,3237; 
-2,71754e-181; 1,07918; 20,3207; 
-1,01908e-181; 1,07879; 20,3178; 
-3,82154e-182; 1,07841; 20,3148; 
-1,43308e-182; 1,07802; 20,3119; 
-5,37405e-183; 1,07764; 20,309; 
-2,01527e-183; 1,07726; 20,3062; 
-7,55725e-184; 1,07688; 20,3034; 
-2,83397e-184; 1,07651; 20,3006; 
-1,06274e-184; 1,07613; 20,2978; 
-3,98527e-185; 1,07576; 20,295; 
-1,49448e-185; 1,07539; 20,2923; 
-5,60429e-186; 1,07502; 20,2896; 
-2,10161e-186; 1,07465; 20,2869; 
-7,88103e-187; 1,07429; 20,2842; 
-2,95538e-187; 1,07392; 20,2816; 
-1,10827e-187; 1,07356; 20,279; 
-4,15601e-188; 1,0732; 20,2764; 
-1,5585e-188; 1,07284; 20,2738; 
-5,84439e-189; 1,07248; 20,2713; 
-2,19165e-189; 1,07213; 20,2688; 
-8,21867e-190; 1,07178; 20,2663; 
-3,082e-190; 1,07142; 20,2638; 
-1,15575e-190; 1,07107; 20,2614; 
-4,33407e-191; 1,07072; 20,2589; 
-1,62527e-191; 1,07038; 20,2565; 
-6,09478e-192; 1,07003; 20,2541; 
-2,28554e-192; 1,06969; 20,2518; 
-8,57078e-193; 1,06935; 20,2494; 
-3,21404e-193; 1,06901; 20,2471; 
-1,20527e-193; 1,06867; 20,2448; 
-4,51975e-194; 1,06833; 20,2425; 
-1,69491e-194; 1,068; 20,2403; 
-6,3559e-195; 1,06766; 20,238; 
-2,38346e-195; 1,06733; 20,2358; 
-8,93798e-196; 1,067; 20,2336; 
-3,35174e-196; 1,06667; 20,2314; 
-1,2569e-196; 1,06635; 20,2293; 
-4,71339e-197; 1,06602; 20,2271; 
-1,76752e-197; 1,0657; 20,225; 
-6,6282e-198; 1,06537; 20,2229; 
-2,48558e-198; 1,06505; 20,2208; 
-9,32091e-199; 1,06473; 20,2188; 
-3,49534e-199; 1,06442; 20,2167; 
-1,31075e-199; 1,0641; 20,2147; 
-4,91532e-200; 1,06378; 20,2127; 
-1,84325e-200; 1,06347; 20,2107; 
-6,91217e-201; 1,06316; 20,2087; 
-2,59206e-201; 1,06285; 20,2068; 
-9,72024e-202; 1,06254; 20,2048; 
-3,64509e-202; 1,06223; 20,2029; 
-1,36691e-202; 1,06193; 20,201; 
-5,12591e-203; 1,06162; 20,1991; 
-1,92222e-203; 1,06132; 20,1973; 
-7,20831e-204; 1,06102; 20,1954; 
-2,70312e-204; 1,06072; 20,1936; 
-1,01367e-204; 1,06042; 20,1918; 
-3,80126e-205; 1,06012; 20,19; 
-1,42547e-205; 1,05983; 20,1882; 
-5,34552e-206; 1,05953; 20,1864; 
-2,00457e-206; 1,05924; 20,1847; 
-7,51713e-207; 1,05895; 20,1829; 
-2,81893e-207; 1,05866; 20,1812; 
-1,0571e-207; 1,05837; 20,1795; 
-3,96411e-208; 1,05809; 20,1778; 
-1,48654e-208; 1,0578; 20,1761; 
-5,57454e-209; 1,05752; 20,1745; 
-2,09045e-209; 1,05723; 20,1728; 
-7,83919e-210; 1,05695; 20,1712; 
-2,9397e-210; 1,05667; 20,1696; 
-1,10239e-210; 1,05639; 20,168; 
-4,13395e-211; 1,05612; 20,1664; 
-1,55023e-211; 1,05584; 20,1648; 
-5,81336e-212; 1,05556; 20,1633; 
-2,18001e-212; 1,05529; 20,1618; 
-8,17504e-213; 1,05502; 20,1602; 
-3,06564e-213; 1,05475; 20,1587; 
-1,14962e-213; 1,05448; 20,1572; 
-4,31106e-214; 1,05421; 20,1557; 
-1,61665e-214; 1,05394; 20,1543; 
-6,06243e-215; 1,05368; 20,1528; 
-2,27341e-215; 1,05341; 20,1514; 
-8,52529e-216; 1,05315; 20,1499; 
-3,19698e-216; 1,05289; 20,1485; 
-1,19887e-216; 1,05263; 20,1471; 
-4,49576e-217; 1,05237; 20,1457; 
-1,68591e-217; 1,05211; 20,1443; 
-6,32216e-218; 1,05186; 20,143; 
-2,37081e-218; 1,0516; 20,1416; 
-8,89053e-219; 1,05135; 20,1403; 
-3,33395e-219; 1,05109; 20,139; 
-1,25023e-219; 1,05084; 20,1376; 
-4,68837e-220; 1,05059; 20,1363; 
-1,75814e-220; 1,05034; 20,135; 
-6,59302e-221; 1,05009; 20,1338; 
-2,47238e-221; 1,04985; 20,1325; 
-9,27143e-222; 1,0496; 20,1312; 
-3,47679e-222; 1,04936; 20,13; 
-1,30379e-222; 1,04911; 20,1288; 
-4,88923e-223; 1,04887; 20,1275; 
-1,83346e-223; 1,04863; 20,1263; 
-6,87548e-224; 1,04839; 20,1251; 
-2,57831e-224; 1,04815; 20,1239; 
-9,66864e-225; 1,04792; 20,1228; 
-3,62574e-225; 1,04768; 20,1216; 
-1,35965e-225; 1,04744; 20,1204; 
-5,0987e-226; 1,04721; 20,1193; 
-1,91201e-226; 1,04698; 20,1182; 
-7,17005e-227; 1,04675; 20,117; 
-2,68877e-227; 1,04652; 20,1159; 
-1,00829e-227; 1,04629; 20,1148; 
-3,78108e-228; 1,04606; 20,1137; 
-1,4179e-228; 1,04583; 20,1127; 
-5,31714e-229; 1,0456; 20,1116; 
-1,99393e-229; 1,04538; 20,1105; 
-7,47723e-230; 1,04516; 20,1095; 
-2,80396e-230; 1,04493; 20,1084; 
-1,05149e-230; 1,04471; 20,1074; 
-3,94307e-231; 1,04449; 20,1064; 
-1,47865e-231; 1,04427; 20,1054; 
-5,54494e-232; 1,04405; 20,1044; 
-2,07935e-232; 1,04384; 20,1034; 
-7,79758e-233; 1,04362; 20,1024; 
-2,92409e-233; 1,0434; 20,1014; 
-1,09653e-233; 1,04319; 20,1004; 
-4,112e-234; 1,04298; 20,0995; 
-1,542e-234; 1,04276; 20,0985; 
-5,7825e-235; 1,04255; 20,0976; 
-2,16844e-235; 1,04234; 20,0966; 
-8,13165e-236; 1,04213; 20,0957; 
-3,04937e-236; 1,04193; 20,0948; 
-1,14351e-236; 1,04172; 20,0939; 
-4,28817e-237; 1,04151; 20,093; 
-1,60807e-237; 1,04131; 20,0921; 
-6,03024e-238; 1,0411; 20,0912; 
-2,26134e-238; 1,0409; 20,0904; 
-8,48003e-239; 1,0407; 20,0895; 
-3,18001e-239; 1,0405; 20,0886; 
-1,1925e-239; 1,0403; 20,0878; 
-4,47189e-240; 1,0401; 20,087; 
-1,67696e-240; 1,0399; 20,0861; 
-6,2886e-241; 1,0397; 20,0853; 
-2,35822e-241; 1,03951; 20,0845; 
-8,84334e-242; 1,03931; 20,0837; 
-3,31625e-242; 1,03912; 20,0829; 
-1,24359e-242; 1,03893; 20,0821; 
-4,66348e-243; 1,03873; 20,0813; 
-1,7488e-243; 1,03854; 20,0805; 
-6,55802e-244; 1,03835; 20,0797; 
-2,45926e-244; 1,03816; 20,079; 
-9,22221e-245; 1,03797; 20,0782; 
-3,45833e-245; 1,03779; 20,0775; 
-1,29687e-245; 1,0376; 20,0767; 
-4,86328e-246; 1,03741; 20,076; 
-1,82373e-246; 1,03723; 20,0753; 
-6,83898e-247; 1,03705; 20,0745; 
-2,56462e-247; 1,03686; 20,0738; 
-9,61732e-248; 1,03668; 20,0731; 
-3,60649e-248; 1,0365; 20,0724; 
-1,35244e-248; 1,03632; 20,0717; 
-5,07163e-249; 1,03614; 20,071; 
-1,90186e-249; 1,03596; 20,0703; 
-7,13198e-250; 1,03578; 20,0697; 
-2,67449e-250; 1,03561; 20,069; 
-1,00294e-250; 1,03543; 20,0683; 
-3,76101e-251; 1,03525; 20,0677; 
-1,41038e-251; 1,03508; 20,067; 
-5,28892e-252; 1,03491; 20,0664; 
-1,98334e-252; 1,03473; 20,0658; 
-7,43754e-253; 1,03456; 20,0651; 
-2,78908e-253; 1,03439; 20,0645; 
-1,0459e-253; 1,03422; 20,0639; 
-3,92214e-254; 1,03405; 20,0633; 
-1,4708e-254; 1,03388; 20,0626; 
-5,51551e-255; 1,03372; 20,062; 
-2,06832e-255; 1,03355; 20,0614; 
-7,75618e-256; 1,03338; 20,0609; 
-2,90857e-256; 1,03322; 20,0603; 
-1,09071e-256; 1,03305; 20,0597; 
-4,09018e-257; 1,03289; 20,0591; 
-1,53382e-257; 1,03273; 20,0585; 
-5,75181e-258; 1,03257; 20,058; 
-2,15693e-258; 1,0324; 20,0574; 
-8,08848e-259; 1,03224; 20,0569; 
-3,03318e-259; 1,03208; 20,0563; 
-1,13744e-259; 1,03193; 20,0558; 
-4,26541e-260; 1,03177; 20,0552; 
-1,59953e-260; 1,03161; 20,0547; 
-5,99823e-261; 1,03145; 20,0542; 
-2,24934e-261; 1,0313; 20,0537; 
-8,43502e-262; 1,03114; 20,0531; 
-3,16313e-262; 1,03099; 20,0526; 
-1,18617e-262; 1,03084; 20,0521; 
-4,44815e-263; 1,03068; 20,0516; 
-1,66806e-263; 1,03053; 20,0511; 
-6,25521e-264; 1,03038; 20,0506; 
-2,34571e-264; 1,03023; 20,0501; 
-8,7964e-265; 1,03008; 20,0496; 
-3,29865e-265; 1,02993; 20,0492; 
-1,23699e-265; 1,02978; 20,0487; 
-4,63872e-266; 1,02964; 20,0482; 
-1,73952e-266; 1,02949; 20,0478; 
-6,52321e-267; 1,02934; 20,0473; 
-2,4462e-267; 1,0292; 20,0468; 
-9,17326e-268; 1,02905; 20,0464; 
-3,43997e-268; 1,02891; 20,0459; 
-1,28999e-268; 1,02877; 20,0455; 
-4,83746e-269; 1,02862; 20,0451; 
-1,81405e-269; 1,02848; 20,0446; 
-6,80268e-270; 1,02834; 20,0442; 
-2,551e-270; 1,0282; 20,0438; 
-9,56627e-271; 1,02806; 20,0433; 
-3,58735e-271; 1,02792; 20,0429; 
-1,34526e-271; 1,02778; 20,0425; 
-5,04471e-272; 1,02765; 20,0421; 
-1,89177e-272; 1,02751; 20,0417; 
-7,09413e-273; 1,02737; 20,0413; 
-2,6603e-273; 1,02724; 20,0409; 
-9,97611e-274; 1,0271; 20,0405; 
-3,74104e-274; 1,02697; 20,0401; 
-1,40289e-274; 1,02683; 20,0397; 
-5,26084e-275; 1,0267; 20,0393; 
-1,97282e-275; 1,02657; 20,0389; 
-7,39806e-276; 1,02644; 20,0386; 
-2,77427e-276; 1,02631; 20,0382; 
-1,04035e-276; 1,02618; 20,0378; 
-3,90132e-277; 1,02605; 20,0374; 
-1,46299e-277; 1,02592; 20,0371; 
-5,48623e-278; 1,02579; 20,0367; 
-2,05734e-278; 1,02566; 20,0364; 
-7,71501e-279; 1,02553; 20,036; 
-2,89313e-279; 1,02541; 20,0357; 
-1,08492e-279; 1,02528; 20,0353; 
-4,06846e-280; 1,02516; 20,035; 
-1,52567e-280; 1,02503; 20,0346; 
-5,72128e-281; 1,02491; 20,0343; 
-2,14548e-281; 1,02478; 20,034; 
-8,04554e-282; 1,02466; 20,0336; 
-3,01708e-282; 1,02454; 20,0333; 
-1,1314e-282; 1,02442; 20,033; 
-4,24277e-283; 1,0243; 20,0327; 
-1,59104e-283; 1,02418; 20,0323; 
-5,96639e-284; 1,02406; 20,032; 
-2,2374e-284; 1,02394; 20,0317; 
-8,39024e-285; 1,02382; 20,0314; 
-3,14634e-285; 1,0237; 20,0311; 
-1,17988e-285; 1,02358; 20,0308; 
-4,42454e-286; 1,02347; 20,0305; 
-1,6592e-286; 1,02335; 20,0302; 
-6,22201e-287; 1,02323; 20,0299; 
-2,33325e-287; 1,02312; 20,0296; 
-8,7497e-288; 1,023; 20,0293; 
-3,28114e-288; 1,02289; 20,0291; 
-1,23043e-288; 1,02278; 20,0288; 
-4,6141e-289; 1,02266; 20,0285; 
-1,73029e-289; 1,02255; 20,0282; 
-6,48858e-290; 1,02244; 20,0279; 
-2,43322e-290; 1,02233; 20,0277; 
-9,12456e-291; 1,02222; 20,0274; 
-3,42171e-291; 1,02211; 20,0271; 
-1,28314e-291; 1,022; 20,0269; 
-4,81178e-292; 1,02189; 20,0266; 
-1,80442e-292; 1,02178; 20,0263; 
-6,76657e-293; 1,02167; 20,0261; 
-2,53746e-293; 1,02156; 20,0258; 
-9,51549e-294; 1,02146; 20,0256; 
-3,56831e-294; 1,02135; 20,0253; 
-1,33812e-294; 1,02124; 20,0251; 
-5,01793e-295; 1,02114; 20,0248; 
-1,88172e-295; 1,02103; 20,0246; 
-7,05647e-296; 1,02093; 20,0244; 
-2,64618e-296; 1,02083; 20,0241; 
-9,92316e-297; 1,02072; 20,0239; 
-3,72118e-297; 1,02062; 20,0237; 
-1,39544e-297; 1,02052; 20,0234; 
-5,23291e-298; 1,02042; 20,0232; 
-1,96234e-298; 1,02031; 20,023; 
-7,35879e-299; 1,02021; 20,0227; 
-2,75954e-299; 1,02011; 20,0225; 
-1,03483e-299; 1,02001; 20,0223; 
-3,88061e-300; 1,01991; 20,0221; 
-1,45523e-300; 1,01982; 20,0219; 
-5,45711e-301; 1,01972; 20,0217; 
-2,04642e-301; 1,01962; 20,0214; 
-7,67406e-302; 1,01952; 20,0212; 
-2,87777e-302; 1,01943; 20,021; 
-1,07916e-302; 1,01933; 20,0208; 
-4,04687e-303; 1,01923; 20,0206; 
-1,51757e-303; 1,01914; 20,0204; 
-5,69091e-304; 1,01904; 20,0202; 
-2,13409e-304; 1,01895; 20,02; 
-8,00284e-305; 1,01885; 20,0198; 
-3,00106e-305; 1,01876; 20,0196; 
-1,1254e-305; 1,01867; 20,0194; 
-4,22025e-306; 1,01857; 20,0193; 
-1,58259e-306; 1,01848; 20,0191; 
-5,93472e-307; 1,01839; 20,0189; 
-2,22552e-307; 1,0183; 20,0187; 
-8,3457e-308; 1,01821; 20,0185; 
-3,12964e-308; 1,01812; 20,0183; 
-1,17361e-308; 1,01803; 20,0181; 
-4,40105e-309; 1,01794; 20,018; 
-1,65039e-309; 1,01785; 20,0178; 
-6,18898e-310; 1,01776; 20,0176; 
-2,32087e-310; 1,01767; 20,0174; 
-8,70325e-311; 1,01758; 20,0173; 
-3,26372e-311; 1,0175; 20,0171; 
-1,2239e-311; 1,01741; 20,0169; 
-4,58961e-312; 1,01732; 20,0168; 
-1,7211e-312; 1,01724; 20,0166; 
-6,45413e-313; 1,01715; 20,0165; 
-2,4203e-313; 1,01707; 20,0163; 
-9,07613e-314; 1,01698; 20,0161; 
-3,40355e-314; 1,0169; 20,016; 
-1,27633e-314; 1,01681; 20,0158; 
-4,78624e-315; 1,01673; 20,0157; 
-1,79484e-315; 1,01665; 20,0155; 
-6,73065e-316; 1,01657; 20,0154; 
-2,52399e-316; 1,01648; 20,0152; 
-9,46497e-317; 1,0164; 20,0151; 
-3,54937e-317; 1,01632; 20,0149; 
-1,33101e-317; 1,01624; 20,0148; 
-4,99129e-318; 1,01616; 20,0146; 
-1,87173e-318; 1,01608; 20,0145; 
-7,01899e-319; 1,016; 20,0143; 
-2,63213e-319; 1,01592; 20,0142; 
-9,87044e-320; 1,01584; 20,0141; 
-3,70154e-320; 1,01576; 20,0139; 
-1,38832e-320; 1,01568; 20,0138; 
-5,20745e-321; 1,0156; 20,0136; 
-1,95156e-321; 1,01553; 20,0135; 
-7,31217e-322; 1,01545; 20,0134; 
-2,76677e-322; 1,01537; 20,0132; 
-1,03754e-322; 1,0153; 20,0131; 
-3,95253e-323; 1,01522; 20,013; 
-1,4822e-323; 1,01514; 20,0129; 
-4,94066e-324; 1,01507; 20,0127; 
0; 1,01499; 20,0126; 
0; 1,01492; 20,0125; 
0; 1,01485; 20,0124; 
0; 1,01477; 20,0122; 
0; 1,0147; 20,0121; 
0; 1,01463; 20,012; 
0; 1,01455; 20,0119; 
0; 1,01448; 20,0118; 
0; 1,01441; 20,0117; 
0; 1,01434; 20,0115; 
0; 1,01427; 20,0114; 
0; 1,0142; 20,0113; 
0; 1,01412; 20,0112; 
0; 1,01405; 20,0111; 
0; 1,01398; 20,011; 
0; 1,01392; 20,0109; 
0; 1,01385; 20,0108; 
0; 1,01378; 20,0107; 
0; 1,01371; 20,0106; 
0; 1,01364; 20,0105; 
0; 1,01357; 20,0104; 
0; 1,01351; 20,0103; 
0; 1,01344; 20,0102; 
0; 1,01337; 20,0101; 
0; 1,01331; 20,01; 
0; 1,01324; 20,0099; 
0; 1,01317; 20,0098; 
0; 1,01311; 20,0097; 
0; 1,01304; 20,0096; 
0; 1,01298; 20,0095; 
0; 1,01291; 20,0094; 
0; 1,01285; 20,0093; 
0; 1,01279; 20,0092; 
0; 1,01272; 20,0091; 
0; 1,01266; 20,009; 
0; 1,0126; 20,0089; 
0; 1,01253; 20,0088; 
0; 1,01247; 20,0088; 
0; 1,01241; 20,0087; 
0; 1,01235; 20,0086; 
0; 1,01229; 20,0085; 
0; 1,01222; 20,0084; 
0; 1,01216; 20,0083; 
0; 1,0121; 20,0083; 
0; 1,01204; 20,0082; 
0; 1,01198; 20,0081; 
0; 1,01192; 20,008; 
0; 1,01186; 20,0079; 
0; 1,01181; 20,0079; 
0; 1,01175; 20,0078; 
0; 1,01169; 20,0077; 
0; 1,01163; 20,0076; 
0; 1,01157; 20,0075; 
0; 1,01151; 20,0075; 
0; 1,01146; 20,0074; 
0; 1,0114; 20,0073; 
0; 1,01134; 20,0073; 
0; 1,01129; 20,0072; 
0; 1,01123; 20,0071; 
0; 1,01118; 20,007; 
0; 1,01112; 20,007; 
0; 1,01106; 20,0069; 
0; 1,01101; 20,0068; 
0; 1,01095; 20,0068; 
0; 1,0109; 20,0067; 
0; 1,01085; 20,0066; 
0; 1,01079; 20,0066; 
0; 1,01074; 20,0065; 
0; 1,01068; 20,0064; 
0; 1,01063; 20,0064; 
0; 1,01058; 20,0063; 
0; 1,01053; 20,0063; 
0; 1,01047; 20,0062; 
0; 1,01042; 20,0061; 
0; 1,01037; 20,0061; 
0; 1,01032; 20,006; 
0; 1,01027; 20,006; 
0; 1,01022; 20,0059; 
0; 1,01017; 20,0058; 
0; 1,01011; 20,0058; 
0; 1,01006; 20,0057; 
0; 1,01001; 20,0057; 
0; 1,00996; 20,0056; 
0; 1,00991; 20,0056; 
0; 1,00987; 20,0055; 
0; 1,00982; 20,0054; 
0; 1,00977; 20,0054; 
0; 1,00972; 20,0053; 
0; 1,00967; 20,0053; 
0; 1,00962; 20,0052; 
0; 1,00957; 20,0052; 
0; 1,00953; 20,0051; 
0; 1,00948; 20,0051; 
0; 1,00943; 20,005; 
0; 1,00939; 20,005; 
0; 1,00934; 20,0049; 
0; 1,00929; 20,0049; 
0; 1,00925; 20,0048; 
0; 1,0092; 20,0048; 
0; 1,00915; 20,0047; 
0; 1,00911; 20,0047; 
0; 1,00906; 20,0046; 
0; 1,00902; 20,0046; 
0; 1,00897; 20,0046; 
0; 1,00893; 20,0045; 
0; 1,00888; 20,0045; 
0; 1,00884; 20,0044; 
0; 1,0088; 20,0044; 
0; 1,00875; 20,0043; 
0; 1,00871; 20,0043; 
0; 1,00867; 20,0043; 
0; 1,00862; 20,0042; 
0; 1,00858; 20,0042; 
0; 1,00854; 20,0041; 
0; 1,00849; 20,0041; 
0; 1,00845; 20,004; 
0; 1,00841; 20,004; 
0; 1,00837; 20,004; 
0; 1,00833; 20,0039; 
0; 1,00829; 20,0039; 
0; 1,00824; 20,0038; 
0; 1,0082; 20,0038; 
0; 1,00816; 20,0038; 
0; 1,00812; 20,0037; 
0; 1,00808; 20,0037; 
0; 1,00804; 20,0037; 
0; 1,008; 20,0036; 
0; 1,00796; 20,0036; 
0; 1,00792; 20,0036; 
0; 1,00788; 20,0035; 
0; 1,00784; 20,0035; 
0; 1,0078; 20,0035; 
0; 1,00777; 20,0034; 
0; 1,00773; 20,0034; 
0; 1,00769; 20,0034; 
0; 1,00765; 20,0033; 
0; 1,00761; 20,0033; 
0; 1,00757; 20,0033; 
0; 1,00754; 20,0032; 
0; 1,0075; 20,0032; 
0; 1,00746; 20,0032; 
0; 1,00742; 20,0031; 
0; 1,00739; 20,0031; 
0; 1,00735; 20,0031; 
0; 1,00731; 20,003; 
0; 1,00728; 20,003; 
0; 1,00724; 20,003; 
0; 1,00721; 20,0029; 
0; 1,00717; 20,0029; 
0; 1,00713; 20,0029; 
0; 1,0071; 20,0029; 
0; 1,00706; 20,0028; 
0; 1,00703; 20,0028; 
0; 1,00699; 20,0028; 
0; 1,00696; 20,0027; 
0; 1,00692; 20,0027; 
0; 1,00689; 20,0027; 
0; 1,00685; 20,0027; 
0; 1,00682; 20,0026; 
0; 1,00679; 20,0026; 
0; 1,00675; 20,0026; 
0; 1,00672; 20,0026; 
0; 1,00669; 20,0025; 
0; 1,00665; 20,0025; 
0; 1,00662; 20,0025; 
0; 1,00659; 20,0025; 
0; 1,00655; 20,0024; 
0; 1,00652; 20,0024; 
0; 1,00649; 20,0024; 
0; 1,00646; 20,0024; 
0; 1,00642; 20,0023; 
0; 1,00639; 20,0023; 
0; 1,00636; 20,0023; 
0; 1,00633; 20,0023; 
0; 1,0063; 20,0023; 
0; 1,00627; 20,0022; 
0; 1,00623; 20,0022; 
0; 1,0062; 20,0022; 
0; 1,00617; 20,0022; 
0; 1,00614; 20,0021; 
0; 1,00611; 20,0021; 
0; 1,00608; 20,0021; 
0; 1,00605; 20,0021; 
0; 1,00602; 20,0021; 
0; 1,00599; 20,002; 
0; 1,00596; 20,002; 
0; 1,00593; 20,002; 
0; 1,0059; 20,002; 
0; 1,00587; 20,002; 
0; 1,00584; 20,0019; 
0; 1,00581; 20,0019; 
0; 1,00578; 20,0019; 
0; 1,00576; 20,0019; 
0; 1,00573; 20,0019; 
0; 1,0057; 20,0018; 
0; 1,00567; 20,0018; 
0; 1,00564; 20,0018; 
0; 1,00561; 20,0018; 
0; 1,00559; 20,0018; 
0; 1,00556; 20,0018; 
0; 1,00553; 20,0017; 
0; 1,0055; 20,0017; 
0; 1,00548; 20,0017; 
0; 1,00545; 20,0017; 
0; 1,00542; 20,0017; 
0; 1,00539; 20,0017; 
0; 1,00537; 20,0016; 
0; 1,00534; 20,0016; 
0; 1,00531; 20,0016; 
0; 1,00529; 20,0016; 
0; 1,00526; 20,0016; 
0; 1,00524; 20,0016; 
0; 1,00521; 20,0015; 
0; 1,00518; 20,0015; 
0; 1,00516; 20,0015; 
0; 1,00513; 20,0015; 
0; 1,00511; 20,0015; 
0; 1,00508; 20,0015; 
0; 1,00506; 20,0015; 
0; 1,00503; 20,0014; 
0; 1,00501; 20,0014; 
0; 1,00498; 20,0014; 
0; 1,00496; 20,0014; 
0; 1,00493; 20,0014; 
0; 1,00491; 20,0014; 
0; 1,00488; 20,0014; 
0; 1,00486; 20,0013; 
0; 1,00483; 20,0013; 
0; 1,00481; 20,0013; 
0; 1,00479; 20,0013; 
0; 1,00476; 20,0013; 
0; 1,00474; 20,0013; 
0; 1,00471; 20,0013; 
0; 1,00469; 20,0013; 
0; 1,00467; 20,0012; 
0; 1,00464; 20,0012; 
0; 1,00462; 20,0012; 
0; 1,0046; 20,0012; 
0; 1,00458; 20,0012; 
0; 1,00455; 20,0012; 
0; 1,00453; 20,0012; 
0; 1,00451; 20,0012; 
0; 1,00448; 20,0011; 
0; 1,00446; 20,0011; 
0; 1,00444; 20,0011; 
0; 1,00442; 20,0011; 
0; 1,0044; 20,0011; 
0; 1,00437; 20,0011; 
0; 1,00435; 20,0011; 
0; 1,00433; 20,0011; 
0; 1,00431; 20,0011; 
0; 1,00429; 20,001; 
0; 1,00427; 20,001; 
0; 1,00425; 20,001; 
0; 1,00422; 20,001; 
0; 1,0042; 20,001; 
0; 1,00418; 20,001; 
0; 1,00416; 20,001; 
0; 1,00414; 20,001; 
0; 1,00412; 20,001; 
0; 1,0041; 20,001; 
0; 1,00408; 20,0009; 
0; 1,00406; 20,0009; 
0; 1,00404; 20,0009; 
0; 1,00402; 20,0009; 