5; 1; 20; 
4,98991; 1,01007; 20,696; 
4,97982; 1,02008; 21,3709; 
4,96975; 1,03002; 22,0254; 
4,95969; 1,03991; 22,6606; 
4,94964; 1,04974; 23,277; 
4,93959; 1,05952; 23,8756; 
4,92956; 1,06923; 24,4569; 
4,91954; 1,07889; 25,0217; 
4,90953; 1,08849; 25,5706; 
4,89953; 1,09804; 26,1041; 
4,88954; 1,10753; 26,623; 
4,87956; 1,11696; 27,1276; 
4,86959; 1,12634; 27,6186; 
4,85963; 1,13567; 28,0963; 
4,84968; 1,14494; 28,5614; 
4,83973; 1,15416; 29,0143; 
4,82981; 1,16332; 29,4553; 
4,81989; 1,17243; 29,8849; 
4,80998; 1,18149; 30,3035; 
4,80008; 1,1905; 30,7115; 
4,79019; 1,19946; 31,1092; 
4,78031; 1,20837; 31,4969; 
4,77044; 1,21722; 31,8751; 
4,76058; 1,22603; 32,2439; 
4,75073; 1,23479; 32,6038; 
4,74089; 1,24349; 32,955; 
4,73107; 1,25215; 33,2977; 
4,72125; 1,26076; 33,6323; 
4,71144; 1,26932; 33,959; 
4,70164; 1,27783; 34,278; 
4,69186; 1,28629; 34,5896; 
4,68208; 1,29471; 34,894; 
4,67231; 1,30308; 35,1914; 
4,66256; 1,3114; 35,482; 
4,65281; 1,31968; 35,7661; 
4,64307; 1,32791; 36,0438; 
4,63335; 1,3361; 36,3153; 
4,62363; 1,34424; 36,5808; 
4,61393; 1,35233; 36,8405; 
4,60423; 1,36038; 37,0945; 
4,59455; 1,36838; 37,3429; 
4,58487; 1,37634; 37,586; 
4,57521; 1,38426; 37,8239; 
4,56555; 1,39213; 38,0568; 
4,55591; 1,39996; 38,2846; 
4,54627; 1,40775; 38,5077; 
4,53665; 1,41549; 38,7262; 
4,52704; 1,42319; 38,9401; 
4,51743; 1,43085; 39,1495; 
4,50784; 1,43846; 39,3547; 
4,49826; 1,44604; 39,5556; 
4,48868; 1,45357; 39,7525; 
4,47912; 1,46106; 39,9454; 
4,46957; 1,46851; 40,1344; 
4,46003; 1,47592; 40,3196; 
4,45049; 1,48329; 40,5011; 
4,44097; 1,49061; 40,679; 
4,43146; 1,4979; 40,8535; 
4,42196; 1,50515; 41,0245; 
4,41247; 1,51236; 41,1921; 
4,40299; 1,51953; 41,3565; 
4,39351; 1,52666; 41,5178; 
4,38405; 1,53375; 41,6759; 
4,3746; 1,5408; 41,831; 
4,36516; 1,54781; 41,9831; 
4,35573; 1,55479; 42,1324; 
4,34631; 1,56173; 42,2788; 
4,3369; 1,56862; 42,4225; 
4,3275; 1,57549; 42,5634; 
4,31811; 1,58231; 42,7018; 
4,30873; 1,5891; 42,8375; 
4,29936; 1,59585; 42,9708; 
4,29001; 1,60256; 43,1016; 
4,28066; 1,60924; 43,23; 
4,27132; 1,61588; 43,356; 
4,26199; 1,62248; 43,4797; 
4,25267; 1,62905; 43,6012; 
4,24336; 1,63558; 43,7205; 
4,23407; 1,64207; 43,8376; 
4,22478; 1,64853; 43,9526; 
4,2155; 1,65496; 44,0656; 
4,20624; 1,66135; 44,1765; 
4,19698; 1,66771; 44,2855; 
4,18773; 1,67403; 44,3925; 
4,1785; 1,68031; 44,4976; 
4,16927; 1,68656; 44,6009; 
4,16005; 1,69278; 44,7024; 
4,15085; 1,69896; 44,802; 
4,14165; 1,70511; 44,9; 
4,13247; 1,71123; 44,9962; 
4,12329; 1,71731; 45,0907; 
4,11413; 1,72336; 45,1836; 
4,10497; 1,72938; 45,2749; 
4,09583; 1,73536; 45,3646; 
4,08669; 1,74131; 45,4527; 
4,07757; 1,74723; 45,5393; 
4,06845; 1,75311; 45,6245; 
4,05935; 1,75896; 45,7082; 
4,05026; 1,76478; 45,7904; 
4,04117; 1,77057; 45,8712; 
4,0321; 1,77633; 45,9507; 
4,02304; 1,78205; 46,0288; 
4,01398; 1,78774; 46,1056; 
4,00494; 1,79341; 46,1811; 
3,99591; 1,79904; 46,2553; 
3,98688; 1,80464; 46,3282; 
3,97787; 1,8102; 46,3999; 
3,96887; 1,81574; 46,4704; 
3,95988; 1,82125; 46,5397; 
3,9509; 1,82672; 46,6079; 
3,94193; 1,83217; 46,6749; 
3,93297; 1,83758; 46,7408; 
3,92401; 1,84297; 46,8055; 
3,91507; 1,84833; 46,8692; 
3,90614; 1,85365; 46,9318; 
3,89722; 1,85895; 46,9934; 
3,88831; 1,86421; 47,0539; 
3,87941; 1,86945; 47,1134; 
3,87052; 1,87466; 47,172; 
3,86164; 1,87984; 47,2295; 
3,85277; 1,88498; 47,2861; 
3,84391; 1,89011; 47,3417; 
3,83507; 1,8952; 47,3964; 
3,82623; 1,90026; 47,4502; 
3,8174; 1,90529; 47,5031; 
3,80858; 1,9103; 47,5552; 
3,79977; 1,91528; 47,6063; 
3,79097; 1,92023; 47,6566; 
3,78219; 1,92515; 47,706; 
3,77341; 1,93004; 47,7547; 
3,76464; 1,93491; 47,8025; 
3,75588; 1,93975; 47,8495; 
3,74714; 1,94456; 47,8957; 
3,7384; 1,94934; 47,9411; 
3,72967; 1,9541; 47,9858; 
3,72096; 1,95883; 48,0297; 
3,71225; 1,96353; 48,0729; 
3,70355; 1,9682; 48,1154; 
3,69487; 1,97285; 48,1571; 
3,68619; 1,97747; 48,1982; 
3,67753; 1,98207; 48,2385; 
3,66887; 1,98664; 48,2782; 
3,66023; 1,99118; 48,3172; 
3,65159; 1,9957; 48,3555; 
3,64297; 2,00019; 48,3932; 
3,63435; 2,00465; 48,4302; 
3,62575; 2,00909; 48,4666; 
3,61716; 2,0135; 48,5023; 
3,60857; 2,01789; 48,5375; 
3,6; 2,02225; 48,572; 
3,59143; 2,02658; 48,606; 
3,58288; 2,03089; 48,6394; 
3,57434; 2,03518; 48,6721; 
3,5658; 2,03944; 48,7043; 
3,55728; 2,04367; 48,736; 
3,54877; 2,04788; 48,7671; 
3,54027; 2,05206; 48,7976; 
3,53178; 2,05622; 48,8276; 
3,52329; 2,06036; 48,8571; 
3,51482; 2,06447; 48,8861; 
3,50636; 2,06856; 48,9145; 
3,49791; 2,07262; 48,9424; 
3,48947; 2,07666; 48,9699; 
3,48104; 2,08067; 48,9968; 
3,47262; 2,08466; 49,0232; 
3,46421; 2,08862; 49,0492; 
3,45581; 2,09256; 49,0747; 
3,44742; 2,09648; 49,0997; 
3,43904; 2,10038; 49,1242; 
3,43067; 2,10425; 49,1483; 
3,42231; 2,10809; 49,172; 
3,41396; 2,11192; 49,1952; 
3,40562; 2,11572; 49,2179; 
3,39729; 2,11949; 49,2403; 
3,38897; 2,12325; 49,2622; 
3,38066; 2,12698; 49,2836; 
3,37236; 2,13069; 49,3047; 
3,36408; 2,13437; 49,3254; 
3,3558; 2,13803; 49,3456; 
3,34753; 2,14167; 49,3655; 
3,33927; 2,14529; 49,3849; 
3,33102; 2,14888; 49,404; 
3,32279; 2,15246; 49,4227; 
3,31456; 2,15601; 49,441; 
3,30634; 2,15953; 49,4589; 
3,29814; 2,16304; 49,4765; 
3,28994; 2,16652; 49,4937; 
3,28175; 2,16998; 49,5105; 
3,27358; 2,17342; 49,527; 
3,26541; 2,17684; 49,5431; 
3,25726; 2,18024; 49,5589; 
3,24911; 2,18361; 49,5743; 
3,24098; 2,18696; 49,5894; 
3,23285; 2,19029; 49,6042; 
3,22474; 2,1936; 49,6186; 
3,21663; 2,19689; 49,6327; 
3,20854; 2,20016; 49,6465; 
3,20045; 2,2034; 49,66; 
3,19238; 2,20663; 49,6731; 
3,18432; 2,20983; 49,6859; 
3,17626; 2,21301; 49,6985; 
3,16822; 2,21618; 49,7107; 
3,16019; 2,21932; 49,7226; 
3,15216; 2,22244; 49,7342; 
3,14415; 2,22554; 49,7456; 
3,13615; 2,22862; 49,7566; 
3,12816; 2,23168; 49,7673; 
3,12017; 2,23471; 49,7778; 
3,1122; 2,23773; 49,788; 
3,10424; 2,24073; 49,7979; 
3,09629; 2,24371; 49,8076; 
3,08835; 2,24666; 49,8169; 
3,08041; 2,2496; 49,826; 
3,07249; 2,25252; 49,8348; 
3,06458; 2,25542; 49,8434; 
3,05668; 2,2583; 49,8517; 
3,04879; 2,26115; 49,8598; 
3,04091; 2,26399; 49,8676; 
3,03304; 2,26681; 49,8751; 
3,02518; 2,26961; 49,8824; 
3,01733; 2,27239; 49,8895; 
3,00949; 2,27515; 49,8963; 
3,00166; 2,27789; 49,9029; 
2,99384; 2,28061; 49,9092; 
2,98604; 2,28332; 49,9153; 
2,97824; 2,286; 49,9212; 
2,97045; 2,28866; 49,9268; 
2,96267; 2,29131; 49,9322; 
2,9549; 2,29394; 49,9374; 
2,94714; 2,29654; 49,9423; 
2,9394; 2,29913; 49,9471; 
2,93166; 2,3017; 49,9516; 
2,92393; 2,30426; 49,9559; 
2,91621; 2,30679; 49,96; 
2,90851; 2,3093; 49,9639; 
2,90081; 2,3118; 49,9675; 
2,89312; 2,31428; 49,971; 
2,88545; 2,31674; 49,9743; 
2,87778; 2,31918; 49,9773; 
2,87013; 2,3216; 49,9802; 
2,86248; 2,32401; 49,9828; 
2,85485; 2,32639; 49,9853; 
2,84722; 2,32876; 49,9875; 
2,8396; 2,33111; 49,9896; 
2,832; 2,33345; 49,9914; 
2,82441; 2,33576; 49,9931; 
2,81682; 2,33806; 49,9946; 
2,80925; 2,34034; 49,9959; 
2,80168; 2,3426; 49,997; 
2,79413; 2,34485; 49,998; 
2,78658; 2,34707; 49,9987; 
2,77905; 2,34928; 49,9993; 
2,77153; 2,35148; 49,9997; 
2,76401; 2,35365; 49,9999; 
2,75651; 2,35581; 50; 
2,74902; 2,35795; 49,9999; 
2,74154; 2,36007; 49,9996; 
2,73406; 2,36218; 49,9991; 
2,7266; 2,36427; 49,9985; 
2,71915; 2,36634; 49,9977; 
2,71171; 2,3684; 49,9967; 
2,70428; 2,37043; 49,9956; 
2,69686; 2,37246; 49,9943; 
2,68944; 2,37446; 49,9929; 
2,68204; 2,37645; 49,9912; 
2,67465; 2,37842; 49,9895; 
2,66727; 2,38038; 49,9876; 
2,6599; 2,38232; 49,9855; 
2,65254; 2,38424; 49,9832; 
2,64519; 2,38614; 49,9809; 
2,63785; 2,38803; 49,9783; 
2,63052; 2,38991; 49,9756; 
2,6232; 2,39176; 49,9728; 
2,61589; 2,39361; 49,9698; 
2,60859; 2,39543; 49,9667; 
2,60131; 2,39724; 49,9634; 
2,59403; 2,39903; 49,96; 
2,58676; 2,40081; 49,9564; 
2,5795; 2,40257; 49,9527; 
2,57225; 2,40431; 49,9489; 
2,56501; 2,40604; 49,9449; 
2,55779; 2,40776; 49,9408; 
2,55057; 2,40945; 49,9365; 
2,54336; 2,41114; 49,9322; 
2,53616; 2,4128; 49,9276; 
2,52898; 2,41445; 49,923; 
2,5218; 2,41609; 49,9182; 
2,51464; 2,41771; 49,9133; 
2,50748; 2,41931; 49,9082; 
2,50033; 2,4209; 49,903; 
2,4932; 2,42248; 49,8977; 
2,48607; 2,42404; 49,8923; 
2,47896; 2,42558; 49,8867; 
2,47185; 2,42711; 49,881; 
2,46476; 2,42862; 49,8752; 
2,45767; 2,43012; 49,8693; 
2,4506; 2,4316; 49,8632; 
2,44353; 2,43307; 49,857; 
2,43648; 2,43453; 49,8507; 
2,42943; 2,43596; 49,8443; 
2,4224; 2,43739; 49,8378; 
2,41538; 2,4388; 49,8311; 
2,40836; 2,44019; 49,8243; 
2,40136; 2,44157; 49,8174; 
2,39437; 2,44294; 49,8104; 
2,38738; 2,44429; 49,8033; 
2,38041; 2,44563; 49,7961; 
2,37345; 2,44695; 49,7887; 
2,3665; 2,44825; 49,7813; 
2,35955; 2,44955; 49,7737; 
2,35262; 2,45083; 49,766; 
2,3457; 2,45209; 49,7582; 
2,33879; 2,45334; 49,7503; 
2,33189; 2,45458; 49,7423; 
2,325; 2,4558; 49,7342; 
2,31812; 2,45701; 49,726; 
2,31124; 2,4582; 49,7176; 
2,30438; 2,45938; 49,7092; 
2,29753; 2,46055; 49,7006; 
2,29069; 2,4617; 49,692; 
2,28386; 2,46284; 49,6832; 
2,27704; 2,46396; 49,6744; 
2,27023; 2,46507; 49,6654; 
2,26343; 2,46617; 49,6564; 
2,25665; 2,46725; 49,6472; 
2,24987; 2,46832; 49,638; 
2,2431; 2,46938; 49,6286; 
2,23634; 2,47042; 49,6192; 
2,22959; 2,47145; 49,6096; 
2,22285; 2,47247; 49,5999; 
2,21613; 2,47347; 49,5902; 
2,20941; 2,47446; 49,5804; 
2,2027; 2,47543; 49,5704; 
2,196; 2,4764; 49,5604; 
2,18932; 2,47735; 49,5502; 
2,18264; 2,47828; 49,54; 
2,17597; 2,4792; 49,5297; 
2,16931; 2,48011; 49,5193; 
2,16267; 2,48101; 49,5088; 
2,15603; 2,48189; 49,4982; 
2,14941; 2,48276; 49,4875; 
2,14279; 2,48362; 49,4767; 
2,13618; 2,48447; 49,4659; 
2,12959; 2,4853; 49,4549; 
2,123; 2,48612; 49,4438; 
2,11643; 2,48692; 49,4327; 
2,10986; 2,48772; 49,4215; 
2,10331; 2,4885; 49,4102; 
2,09677; 2,48927; 49,3988; 
2,09023; 2,49002; 49,3873; 
2,08371; 2,49077; 49,3757; 
2,07719; 2,4915; 49,3641; 
2,07069; 2,49221; 49,3523; 
2,0642; 2,49292; 49,3405; 
2,05771; 2,49361; 49,3286; 
2,05124; 2,49429; 49,3166; 
2,04478; 2,49496; 49,3045; 
2,03832; 2,49562; 49,2923; 
2,03188; 2,49626; 49,2801; 
2,02545; 2,49689; 49,2678; 
2,01903; 2,49751; 49,2553; 
2,01262; 2,49812; 49,2429; 
2,00621; 2,49872; 49,2303; 
1,99982; 2,4993; 49,2176; 
1,99344; 2,49987; 49,2049; 
1,98707; 2,50043; 49,1921; 
1,98071; 2,50098; 49,1792; 
1,97436; 2,50151; 49,1662; 
1,96802; 2,50204; 49,1532; 
1,96169; 2,50255; 49,14; 
1,95537; 2,50305; 49,1268; 
1,94906; 2,50354; 49,1135; 
1,94276; 2,50401; 49,1002; 
1,93647; 2,50448; 49,0867; 
1,93019; 2,50493; 49,0732; 
1,92392; 2,50537; 49,0596; 
1,91766; 2,5058; 49,046; 
1,91141; 2,50622; 49,0322; 
1,90518; 2,50663; 49,0184; 
1,89895; 2,50702; 49,0045; 
1,89273; 2,50741; 48,9905; 
1,88652; 2,50778; 48,9765; 
1,88032; 2,50814; 48,9624; 
1,87414; 2,50849; 48,9482; 
1,86796; 2,50883; 48,9339; 
1,86179; 2,50915; 48,9196; 
1,85563; 2,50947; 48,9052; 
1,84949; 2,50978; 48,8907; 
1,84335; 2,51007; 48,8762; 
1,83722; 2,51035; 48,8615; 
1,83111; 2,51062; 48,8469; 
1,825; 2,51088; 48,8321; 
1,81891; 2,51113; 48,8173; 
1,81282; 2,51137; 48,8023; 
1,80675; 2,5116; 48,7874; 
1,80068; 2,51182; 48,7723; 
1,79463; 2,51202; 48,7572; 
1,78858; 2,51222; 48,742; 
1,78255; 2,5124; 48,7268; 
1,77652; 2,51258; 48,7114; 
1,77051; 2,51274; 48,696; 
1,7645; 2,51289; 48,6806; 
1,75851; 2,51303; 48,6651; 
1,75253; 2,51316; 48,6495; 
1,74655; 2,51328; 48,6338; 
1,74059; 2,51339; 48,6181; 
1,73464; 2,51349; 48,6023; 
1,7287; 2,51358; 48,5864; 
1,72276; 2,51366; 48,5705; 
1,71684; 2,51373; 48,5545; 
1,71093; 2,51378; 48,5384; 
1,70503; 2,51383; 48,5223; 
1,69913; 2,51387; 48,5061; 
1,69325; 2,51389; 48,4898; 
1,68738; 2,51391; 48,4735; 
1,68152; 2,51392; 48,4571; 
1,67567; 2,51391; 48,4406; 
1,66983; 2,5139; 48,4241; 
1,664; 2,51387; 48,4075; 
1,65818; 2,51384; 48,3909; 
1,65237; 2,51379; 48,3742; 
1,64657; 2,51374; 48,3574; 
1,64078; 2,51367; 48,3405; 
1,635; 2,5136; 48,3236; 
1,62923; 2,51351; 48,3067; 
1,62347; 2,51342; 48,2896; 
1,61772; 2,51331; 48,2725; 
1,61198; 2,5132; 48,2554; 
1,60625; 2,51308; 48,2382; 
1,60053; 2,51294; 48,2209; 
1,59483; 2,5128; 48,2035; 
1,58913; 2,51264; 48,1861; 
1,58344; 2,51248; 48,1686; 
1,57776; 2,51231; 48,1511; 
1,57209; 2,51213; 48,1335; 
1,56644; 2,51193; 48,1159; 
1,56079; 2,51173; 48,0982; 
1,55515; 2,51152; 48,0804; 
1,54953; 2,5113; 48,0625; 
1,54391; 2,51107; 48,0446; 
1,5383; 2,51083; 48,0267; 
1,53271; 2,51058; 48,0087; 
1,52712; 2,51032; 47,9906; 
1,52155; 2,51005; 47,9724; 
1,51598; 2,50978; 47,9542; 
1,51043; 2,50949; 47,936; 
1,50488; 2,50919; 47,9177; 
1,49935; 2,50889; 47,8993; 
1,49382; 2,50858; 47,8808; 
1,48831; 2,50825; 47,8623; 
1,4828; 2,50792; 47,8438; 
1,47731; 2,50758; 47,8252; 
1,47182; 2,50723; 47,8065; 
1,46635; 2,50687; 47,7878; 
1,46089; 2,5065; 47,769; 
1,45543; 2,50612; 47,7501; 
1,44999; 2,50573; 47,7312; 
1,44456; 2,50534; 47,7122; 
1,43914; 2,50493; 47,6932; 
1,43372; 2,50452; 47,6741; 
1,42832; 2,5041; 47,655; 
1,42293; 2,50366; 47,6358; 
1,41755; 2,50322; 47,6165; 
1,41218; 2,50277; 47,5972; 
1,40681; 2,50232; 47,5779; 
1,40146; 2,50185; 47,5584; 
1,39612; 2,50137; 47,5389; 
1,39079; 2,50089; 47,5194; 
1,38547; 2,5004; 47,4998; 
1,38016; 2,4999; 47,4801; 
1,37486; 2,49939; 47,4604; 
1,36957; 2,49887; 47,4406; 
1,36429; 2,49834; 47,4208; 
1,35902; 2,49781; 47,4009; 
1,35376; 2,49726; 47,381; 
1,34851; 2,49671; 47,361; 
1,34327; 2,49615; 47,3409; 
1,33804; 2,49558; 47,3208; 
1,33282; 2,495; 47,3007; 
1,32761; 2,49442; 47,2804; 
1,32242; 2,49382; 47,2602; 
1,31723; 2,49322; 47,2398; 
1,31205; 2,49261; 47,2194; 
1,30688; 2,49199; 47,199; 
1,30172; 2,49136; 47,1785; 
1,29658; 2,49072; 47,1579; 
1,29144; 2,49008; 47,1373; 
1,28631; 2,48943; 47,1166; 
1,2812; 2,48877; 47,0959; 
1,27609; 2,4881; 47,0751; 
1,27099; 2,48742; 47,0543; 
1,26591; 2,48674; 47,0334; 
1,26083; 2,48605; 47,0125; 
1,25577; 2,48535; 46,9915; 
1,25071; 2,48464; 46,9704; 
1,24566; 2,48392; 46,9493; 
1,24063; 2,4832; 46,9281; 
1,2356; 2,48247; 46,9069; 
1,23059; 2,48173; 46,8856; 
1,22558; 2,48098; 46,8643; 
1,22059; 2,48022; 46,8429; 
1,21561; 2,47946; 46,8215; 
1,21063; 2,47869; 46,8; 
1,20567; 2,47791; 46,7784; 
1,20071; 2,47712; 46,7568; 
1,19577; 2,47633; 46,7352; 
1,19084; 2,47553; 46,7135; 
1,18591; 2,47472; 46,6917; 
1,181; 2,4739; 46,6699; 
1,1761; 2,47308; 46,648; 
1,17121; 2,47224; 46,6261; 
1,16632; 2,47141; 46,6041; 
1,16145; 2,47056; 46,5821; 
1,15659; 2,4697; 46,56; 
1,15174; 2,46884; 46,5378; 
1,1469; 2,46797; 46,5156; 
1,14207; 2,46709; 46,4934; 
1,13725; 2,46621; 46,4711; 
1,13243; 2,46532; 46,4487; 
1,12763; 2,46442; 46,4263; 
1,12284; 2,46351; 46,4038; 
1,11806; 2,4626; 46,3813; 
1,11329; 2,46168; 46,3588; 
1,10853; 2,46075; 46,3361; 
1,10378; 2,45981; 46,3134; 
1,09904; 2,45887; 46,2907; 
1,09431; 2,45792; 46,2679; 
1,0896; 2,45696; 46,2451; 
1,08489; 2,456; 46,2222; 
1,08019; 2,45503; 46,1992; 
1,0755; 2,45405; 46,1762; 
1,07082; 2,45306; 46,1532; 
1,06615; 2,45207; 46,1301; 
1,06149; 2,45107; 46,1069; 
1,05685; 2,45007; 46,0837; 
1,05221; 2,44905; 46,0604; 
1,04758; 2,44803; 46,0371; 
1,04297; 2,447; 46,0137; 
1,03836; 2,44597; 45,9903; 
1,03376; 2,44493; 45,9668; 
1,02918; 2,44388; 45,9432; 
1,0246; 2,44283; 45,9197; 
1,02003; 2,44176; 45,896; 
1,01548; 2,44069; 45,8723; 
1,01093; 2,43962; 45,8486; 
1,0064; 2,43854; 45,8248; 
1,00187; 2,43745; 45,8009; 
0,997355; 2,43635; 45,777; 
0,99285; 2,43525; 45,753; 
0,988355; 2,43414; 45,729; 
0,983871; 2,43303; 45,7049; 
0,979396; 2,43191; 45,6808; 
0,974932; 2,43078; 45,6566; 
0,970478; 2,42964; 45,6324; 
0,966034; 2,4285; 45,6081; 
0,961601; 2,42735; 45,5838; 
0,957177; 2,4262; 45,5594; 
0,952764; 2,42504; 45,5349; 
0,948361; 2,42387; 45,5104; 
0,943969; 2,42269; 45,4859; 
0,939586; 2,42151; 45,4613; 
0,935214; 2,42033; 45,4366; 
0,930851; 2,41913; 45,4119; 
0,926499; 2,41793; 45,3871; 
0,922158; 2,41673; 45,3623; 
0,917826; 2,41552; 45,3375; 
0,913505; 2,4143; 45,3125; 
0,909193; 2,41307; 45,2876; 
0,904892; 2,41184; 45,2625; 
0,900602; 2,4106; 45,2374; 
0,896321; 2,40936; 45,2123; 
0,892051; 2,40811; 45,1871; 
0,88779; 2,40685; 45,1619; 
0,88354; 2,40559; 45,1366; 
0,8793; 2,40432; 45,1112; 
0,875071; 2,40305; 45,0858; 
0,870851; 2,40177; 45,0603; 
0,866642; 2,40048; 45,0348; 
0,862443; 2,39919; 45,0093; 
0,858254; 2,39789; 44,9836; 
0,854076; 2,39659; 44,958; 
0,849907; 2,39528; 44,9322; 
0,845749; 2,39396; 44,9065; 
0,841601; 2,39264; 44,8806; 
0,837463; 2,39131; 44,8547; 
0,833335; 2,38998; 44,8288; 
0,829218; 2,38864; 44,8028; 
0,825111; 2,38729; 44,7767; 
0,821014; 2,38594; 44,7506; 
0,816927; 2,38458; 44,7245; 
0,81285; 2,38322; 44,6983; 
0,808784; 2,38185; 44,672; 
0,804727; 2,38048; 44,6457; 
0,800681; 2,3791; 44,6193; 
0,796645; 2,37771; 44,5929; 
0,79262; 2,37632; 44,5664; 
0,788604; 2,37492; 44,5399; 
0,784599; 2,37352; 44,5133; 
0,780604; 2,37211; 44,4866; 
0,776619; 2,37069; 44,4599; 
0,772644; 2,36927; 44,4332; 
0,76868; 2,36785; 44,4064; 
0,764726; 2,36642; 44,3795; 
0,760781; 2,36498; 44,3526; 
0,756847; 2,36354; 44,3256; 
0,752924; 2,36209; 44,2986; 
0,74901; 2,36064; 44,2715; 
0,745107; 2,35918; 44,2444; 
0,741214; 2,35771; 44,2172; 
0,737331; 2,35624; 44,1899; 
0,733458; 2,35477; 44,1627; 
0,729596; 2,35329; 44,1353; 
0,725743; 2,3518; 44,1079; 
0,721901; 2,35031; 44,0804; 
0,718069; 2,34882; 44,0529; 
0,714248; 2,34731; 44,0253; 
0,710436; 2,34581; 43,9977; 
0,706635; 2,3443; 43,97; 
0,702844; 2,34278; 43,9423; 
0,699063; 2,34126; 43,9145; 
0,695292; 2,33973; 43,8867; 
0,691531; 2,33819; 43,8588; 
0,687781; 2,33666; 43,8308; 
0,684041; 2,33511; 43,8028; 
0,680311; 2,33356; 43,7747; 
0,676591; 2,33201; 43,7466; 
0,672881; 2,33045; 43,7184; 
0,669182; 2,32889; 43,6902; 
0,665493; 2,32732; 43,6619; 
0,661814; 2,32575; 43,6335; 
0,658145; 2,32417; 43,6051; 
0,654487; 2,32258; 43,5767; 
0,650838; 2,32099; 43,5482; 
0,6472; 2,3194; 43,5196; 
0,643572; 2,3178; 43,491; 
0,639954; 2,3162; 43,4623; 
0,636347; 2,31459; 43,4336; 
0,632749; 2,31297; 43,4048; 
0,629162; 2,31136; 43,3759; 
0,625585; 2,30973; 43,347; 
0,622018; 2,3081; 43,318; 
0,618462; 2,30647; 43,289; 
0,614915; 2,30483; 43,2599; 
0,611379; 2,30319; 43,2308; 
0,607853; 2,30154; 43,2016; 
0,604337; 2,29989; 43,1724; 
0,600832; 2,29823; 43,1431; 
0,597336; 2,29657; 43,1137; 
0,593851; 2,2949; 43,0843; 
0,590376; 2,29323; 43,0548; 
0,586911; 2,29156; 43,0253; 
0,583456; 2,28988; 42,9957; 
0,580012; 2,28819; 42,9661; 
0,576578; 2,2865; 42,9364; 
0,573154; 2,28481; 42,9066; 
0,56974; 2,28311; 42,8768; 
0,566336; 2,28141; 42,8469; 
0,562943; 2,2797; 42,817; 
0,559559; 2,27798; 42,787; 
0,556186; 2,27627; 42,757; 
0,552824; 2,27455; 42,7269; 
0,549471; 2,27282; 42,6967; 
0,546128; 2,27109; 42,6665; 
0,542796; 2,26935; 42,6362; 
0,539474; 2,26762; 42,6059; 
0,536162; 2,26587; 42,5755; 
0,532861; 2,26412; 42,545; 
0,529569; 2,26237; 42,5145; 
0,526288; 2,26061; 42,4839; 
0,523017; 2,25885; 42,4533; 
0,519756; 2,25709; 42,4226; 
0,516505; 2,25532; 42,3919; 
0,513265; 2,25354; 42,3611; 
0,510034; 2,25176; 42,3302; 
0,506814; 2,24998; 42,2993; 
0,503604; 2,24819; 42,2683; 
0,500405; 2,2464; 42,2373; 
0,497215; 2,24461; 42,2062; 
0,494036; 2,24281; 42,175; 
0,490867; 2,241; 42,1438; 
0,487708; 2,2392; 42,1126; 
0,484559; 2,23738; 42,0812; 
0,481421; 2,23557; 42,0498; 
0,478292; 2,23375; 42,0184; 
0,475174; 2,23192; 41,9869; 
0,472066; 2,23009; 41,9553; 
0,468968; 2,22826; 41,9236; 
0,465881; 2,22642; 41,892; 
0,462804; 2,22458; 41,8602; 
0,459736; 2,22274; 41,8284; 
0,45668; 2,22089; 41,7965; 
0,453633; 2,21904; 41,7646; 
0,450596; 2,21718; 41,7326; 
0,44757; 2,21532; 41,7005; 
0,444554; 2,21346; 41,6684; 
0,441548; 2,21159; 41,6362; 
0,438552; 2,20971; 41,604; 
0,435566; 2,20784; 41,5717; 
0,432591; 2,20596; 41,5393; 
0,429626; 2,20407; 41,5069; 
0,426671; 2,20219; 41,4744; 
0,423726; 2,20029; 41,4419; 
0,420792; 2,1984; 41,4093; 
0,417867; 2,1965; 41,3766; 
0,414953; 2,1946; 41,3439; 
0,412049; 2,19269; 41,3111; 
0,409155; 2,19078; 41,2782; 
0,406272; 2,18886; 41,2453; 
0,403398; 2,18695; 41,2124; 
0,400535; 2,18502; 41,1793; 
0,397682; 2,1831; 41,1462; 
0,394839; 2,18117; 41,1131; 
0,392007; 2,17924; 41,0798; 
0,389184; 2,1773; 41,0465; 
0,386372; 2,17536; 41,0132; 
0,38357; 2,17342; 40,9798; 
0,380778; 2,17147; 40,9463; 
0,377997; 2,16952; 40,9128; 
0,375225; 2,16756; 40,8791; 
0,372464; 2,1656; 40,8455; 
0,369713; 2,16364; 40,8117; 
0,366972; 2,16168; 40,778; 
0,364241; 2,15971; 40,7441; 
0,361521; 2,15774; 40,7102; 
0,358811; 2,15576; 40,6762; 
0,356111; 2,15378; 40,6421; 
0,353421; 2,1518; 40,608; 
0,350741; 2,14981; 40,5738; 
0,348072; 2,14782; 40,5396; 
0,345413; 2,14583; 40,5053; 
0,342764; 2,14384; 40,4709; 
0,340125; 2,14184; 40,4365; 
0,337496; 2,13983; 40,402; 
0,334878; 2,13783; 40,3674; 
0,332269; 2,13582; 40,3328; 
0,329671; 2,1338; 40,2981; 
0,327083; 2,13179; 40,2633; 
0,324506; 2,12977; 40,2285; 
0,321938; 2,12775; 40,1936; 
0,319381; 2,12572; 40,1587; 
0,316834; 2,12369; 40,1236; 
0,314297; 2,12166; 40,0885; 
0,31177; 2,11962; 40,0534; 
0,309254; 2,11758; 40,0182; 
0,306748; 2,11554; 39,9829; 
0,304251; 2,1135; 39,9475; 
0,301766; 2,11145; 39,9121; 
0,29929; 2,1094; 39,8766; 
0,296824; 2,10734; 39,841; 
0,294369; 2,10528; 39,8054; 
0,291924; 2,10322; 39,7697; 
0,289489; 2,10116; 39,734; 
0,287064; 2,09909; 39,6981; 
0,28465; 2,09702; 39,6623; 
0,282245; 2,09495; 39,6263; 
0,279851; 2,09287; 39,5903; 
0,277467; 2,09079; 39,5542; 
0,275094; 2,08871; 39,518; 
0,27273; 2,08662; 39,4818; 
0,270377; 2,08454; 39,4455; 
0,268034; 2,08245; 39,4091; 
0,265701; 2,08035; 39,3727; 
0,263378; 2,07825; 39,3362; 
0,261065; 2,07615; 39,2996; 
0,258763; 2,07405; 39,2629; 
0,256471; 2,07195; 39,2262; 
0,254189; 2,06984; 39,1894; 
0,251917; 2,06773; 39,1526; 
0,249656; 2,06561; 39,1157; 
0,247404; 2,06349; 39,0787; 
0,245163; 2,06137; 39,0416; 
0,242932; 2,05925; 39,0045; 
0,240711; 2,05713; 38,9673; 
0,238501; 2,055; 38,93; 
0,236301; 2,05287; 38,8927; 
0,23411; 2,05073; 38,8553; 
0,23193; 2,0486; 38,8178; 
0,229761; 2,04646; 38,7802; 
0,227601; 2,04431; 38,7426; 
0,225452; 2,04217; 38,7049; 
0,223312; 2,04002; 38,6671; 
0,221183; 2,03787; 38,6293; 
0,219065; 2,03572; 38,5914; 
0,216956; 2,03356; 38,5534; 
0,214858; 2,03141; 38,5153; 
0,212769; 2,02924; 38,4772; 
0,210691; 2,02708; 38,439; 
0,208624; 2,02492; 38,4007; 
0,206566; 2,02275; 38,3624; 
0,204519; 2,02058; 38,324; 
0,202481; 2,0184; 38,2855; 
0,200454; 2,01623; 38,2469; 
0,198438; 2,01405; 38,2083; 
0,196431; 2,01187; 38,1696; 
0,194434; 2,00968; 38,1308; 
0,192448; 2,0075; 38,0919; 
0,190472; 2,00531; 38,053; 
0,188506; 2,00312; 38,014; 
0,186551; 2,00092; 37,9749; 
0,184605; 1,99873; 37,9357; 
0,18267; 1,99653; 37,8965; 
0,180745; 1,99433; 37,8572; 
0,17883; 1,99212; 37,8178; 
0,176926; 1,98992; 37,7784; 
0,175031; 1,98771; 37,7388; 
0,173147; 1,9855; 37,6992; 
0,171273; 1,98329; 37,6596; 
0,169409; 1,98107; 37,6198; 
0,167555; 1,97885; 37,58; 
0,165712; 1,97663; 37,5401; 
0,163878; 1,97441; 37,5001; 
0,162055; 1,97219; 37,46; 
0,160243; 1,96996; 37,4199; 
0,15844; 1,96773; 37,3797; 
0,156647; 1,9655; 37,3394; 
0,154865; 1,96327; 37,299; 
0,153093; 1,96103; 37,2586; 
0,151331; 1,95879; 37,218; 
0,149579; 1,95655; 37,1774; 
0,147838; 1,95431; 37,1368; 
0,146107; 1,95207; 37,096; 
0,144385; 1,94982; 37,0552; 
0,142675; 1,94757; 37,0142; 
0,140974; 1,94532; 36,9733; 
0,139283; 1,94307; 36,9322; 
0,137603; 1,94081; 36,891; 
0,135933; 1,93856; 36,8498; 
0,134273; 1,9363; 36,8085; 
0,132623; 1,93404; 36,7671; 
0,130984; 1,93177; 36,7256; 
0,129354; 1,92951; 36,6841; 
0,127735; 1,92724; 36,6425; 
0,126126; 1,92497; 36,6008; 
0,124528; 1,9227; 36,559; 
0,122939; 1,92043; 36,5171; 
0,121361; 1,91815; 36,4752; 
0,119793; 1,91587; 36,4331; 
0,118235; 1,91359; 36,391; 
0,116687; 1,91131; 36,3488; 
0,115149; 1,90903; 36,3065; 
0,113622; 1,90674; 36,2642; 
0,112105; 1,90446; 36,2217; 
0,110598; 1,90217; 36,1792; 
0,109101; 1,89988; 36,1366; 
0,107615; 1,89758; 36,0939; 
0,106138; 1,89529; 36,0512; 
0,104672; 1,89299; 36,0083; 
0,103216; 1,89069; 35,9654; 
0,10177; 1,88839; 35,9224; 
0,100335; 1,88609; 35,8793; 
0,0989093; 1,88379; 35,8361; 
0,0974941; 1,88148; 35,7928; 
0,0960891; 1,87917; 35,7494; 
0,0946943; 1,87687; 35,706; 
0,0933098; 1,87455; 35,6625; 
0,0919354; 1,87224; 35,6189; 
0,0905712; 1,86993; 35,5752; 
0,0892172; 1,86761; 35,5314; 
0,0878734; 1,86529; 35,4875; 
0,0865397; 1,86297; 35,4436; 
0,0852163; 1,86065; 35,3996; 
0,0839031; 1,85833; 35,3554; 
0,0826001; 1,856; 35,3112; 
0,0813073; 1,85368; 35,2669; 
0,0800247; 1,85135; 35,2225; 
0,0787522; 1,84902; 35,1781; 
0,07749; 1,84669; 35,1335; 
0,076238; 1,84436; 35,0889; 
0,0749962; 1,84202; 35,0441; 
0,0737645; 1,83968; 34,9993; 
0,0725431; 1,83735; 34,9544; 
0,0713318; 1,83501; 34,9094; 
0,0701308; 1,83267; 34,8643; 
0,06894; 1,83032; 34,8192; 
0,0677593; 1,82798; 34,7739; 
0,0665889; 1,82563; 34,7286; 
0,0654286; 1,82329; 34,6831; 
0,0642785; 1,82094; 34,6376; 
0,0631387; 1,81859; 34,592; 
0,062009; 1,81624; 34,5463; 
0,0608896; 1,81388; 34,5005; 
0,0597803; 1,81153; 34,4546; 
0,0586812; 1,80917; 34,4086; 
0,0575923; 1,80682; 34,3625; 
0,0565137; 1,80446; 34,3164; 
0,0554452; 1,8021; 34,2701; 
0,0543869; 1,79974; 34,2238; 
0,0533388; 1,79737; 34,1773; 
0,0523009; 1,79501; 34,1308; 
0,0512733; 1,79264; 34,0842; 
0,0502558; 1,79028; 34,0374; 
0,0492485; 1,78791; 33,9906; 
0,0482514; 1,78554; 33,9437; 
0,0472645; 1,78317; 33,8967; 
0,0462878; 1,7808; 33,8496; 
0,0453213; 1,77842; 33,8025; 
0,0443649; 1,77605; 33,7552; 
0,0434188; 1,77367; 33,7078; 
0,0424829; 1,77129; 33,6603; 
0,0415572; 1,76891; 33,6128; 
0,0406417; 1,76653; 33,5651; 
0,0397364; 1,76415; 33,5174; 
0,0388412; 1,76177; 33,4695; 
0,0379563; 1,75939; 33,4216; 
0,0370816; 1,757; 33,3735; 
0,036217; 1,75462; 33,3254; 
0,0353627; 1,75223; 33,2772; 
0,0345186; 1,74984; 33,2288; 
0,0336846; 1,74745; 33,1804; 
0,0328609; 1,74506; 33,1319; 
0,0320473; 1,74267; 33,0833; 
0,031244; 1,74027; 33,0345; 
0,0304508; 1,73788; 32,9857; 
0,0296679; 1,73548; 32,9368; 
0,0288951; 1,73309; 32,8878; 
0,0281326; 1,73069; 32,8387; 
0,0273802; 1,72829; 32,7895; 
0,026638; 1,72589; 32,7401; 
0,0259061; 1,72349; 32,6907; 
0,0251843; 1,72109; 32,6412; 
0,0244727; 1,71869; 32,5916; 
0,0237713; 1,71628; 32,5419; 
0,0230802; 1,71388; 32,4921; 
0,0223992; 1,71147; 32,4422; 
0,0217284; 1,70906; 32,3921; 
0,0210678; 1,70666; 32,342; 
0,0204174; 1,70425; 32,2918; 
0,0197772; 1,70184; 32,2415; 
0,0191472; 1,69943; 32,191; 
0,0185274; 1,69702; 32,1405; 
0,0179178; 1,6946; 32,0899; 
0,0173184; 1,69219; 32,0391; 
0,0167292; 1,68977; 31,9883; 
0,0161502; 1,68736; 31,9374; 
0,0155814; 1,68494; 31,8863; 
0,0150228; 1,68253; 31,8352; 
0,0144743; 1,68011; 31,7839; 
0,0139361; 1,67769; 31,7325; 
0,0134081; 1,67527; 31,6811; 
0,0128903; 1,67285; 31,6295; 
0,0123826; 1,67043; 31,5778; 
0,0118852; 1,668; 31,526; 
0,011398; 1,66558; 31,4741; 
0,0109209; 1,66316; 31,4221; 
0,0104541; 1,66073; 31,37; 
0,00999745; 1,65831; 31,3178; 
0,009551; 1,65588; 31,2655; 
0,00911475; 1,65345; 31,213; 
0,0086887; 1,65103; 31,1605; 
0,00827284; 1,6486; 31,1078; 
0,00786719; 1,64617; 31,0551; 
0,00747173; 1,64374; 31,0022; 
0,00708646; 1,64131; 30,9492; 
0,0067114; 1,63887; 30,8962; 
0,00634653; 1,63644; 30,843; 
0,00599186; 1,63401; 30,7896; 
0,00564738; 1,63158; 30,7362; 
0,00531311; 1,62914; 30,6827; 
0,00498903; 1,62671; 30,629; 
0,00467515; 1,62427; 30,5753; 
0,00437146; 1,62184; 30,5214; 
0,00407797; 1,6194; 30,4674; 
0,00379468; 1,61696; 30,4134; 
0,00352159; 1,61452; 30,3591; 
0,00325869; 1,61208; 30,3048; 
0,003006; 1,60964; 30,2504; 
0,00276349; 1,6072; 30,1958; 
0,00253119; 1,60476; 30,1412; 
0,00230908; 1,60232; 30,0864; 
0,00209717; 1,59988; 30,0315; 
0,00189546; 1,59744; 29,9765; 
0,00170395; 1,595; 29,9214; 
0,00152263; 1,59255; 29,8661; 
0,00135151; 1,59011; 29,8108; 
0,00119058; 1,58767; 29,7553; 
0,00103986; 1,58522; 29,6997; 
0,000899329; 1,58278; 29,644; 
0,000768998; 1,58033; 29,5882; 
0,000648863; 1,57788; 29,5323; 
0,000538926; 1,57544; 29,4762; 
0,000439187; 1,57299; 29,42; 
0,000349644; 1,57054; 29,3637; 
0,000270299; 1,5681; 29,3073; 
0,000201152; 1,56565; 29,2507; 
0,000142202; 1,5632; 29,1941; 
9,34504e-05; 1,56075; 29,1373; 
5,48982e-05; 1,5583; 29,0804; 
2,65507e-05; 1,55585; 29,0234; 
8,4435e-06; 1,5534; 28,9662; 
1,04369e-06; 1,55095; 28,909; 
-4,52348e-07; 1,5485; 28,8518; 
-1,69631e-07; 1,54606; 28,7947; 
-6,36115e-08; 1,54363; 28,738; 
-2,38543e-08; 1,54122; 28,6815; 
-8,94537e-09; 1,53881; 28,6253; 
-3,35451e-09; 1,53641; 28,5694; 
-1,25794e-09; 1,53402; 28,5138; 
-4,71728e-10; 1,53163; 28,4584; 
-1,76898e-10; 1,52926; 28,4033; 
-6,63368e-11; 1,5269; 28,3485; 
-2,48763e-11; 1,52455; 28,294; 
-9,32861e-12; 1,52221; 28,2397; 
-3,49823e-12; 1,51987; 28,1857; 
-1,31184e-12; 1,51755; 28,132; 
-4,91938e-13; 1,51524; 28,0785; 
-1,84477e-13; 1,51293; 28,0254; 
-6,91788e-14; 1,51064; 27,9724; 
-2,59421e-14; 1,50835; 27,9198; 
-9,72827e-15; 1,50607; 27,8674; 
-3,6481e-15; 1,50381; 27,8153; 
-1,36804e-15; 1,50155; 27,7635; 
-5,13014e-16; 1,4993; 27,7119; 
-1,9238e-16; 1,49706; 27,6606; 
-7,21427e-17; 1,49483; 27,6096; 
-2,70535e-17; 1,49261; 27,5588; 
-1,01451e-17; 1,49039; 27,5083; 
-3,8044e-18; 1,48819; 27,4581; 
-1,42665e-18; 1,48599; 27,4081; 
-5,34993e-19; 1,48381; 27,3583; 
-2,00623e-19; 1,48163; 27,3089; 
-7,52335e-20; 1,47946; 27,2597; 
-2,82125e-20; 1,47731; 27,2107; 
-1,05797e-20; 1,47516; 27,1621; 
-3,96739e-21; 1,47301; 27,1136; 
-1,48777e-21; 1,47088; 27,0655; 
-5,57914e-22; 1,46876; 27,0176; 
-2,09218e-22; 1,46664; 26,9699; 
-7,84567e-23; 1,46454; 26,9225; 
-2,94213e-23; 1,46244; 26,8754; 
-1,1033e-23; 1,46035; 26,8285; 
-4,13736e-24; 1,45827; 26,7819; 
-1,55151e-24; 1,4562; 26,7355; 
-5,81817e-25; 1,45414; 26,6894; 
-2,18181e-25; 1,45208; 26,6435; 
-8,1818e-26; 1,45004; 26,5979; 
-3,06817e-26; 1,448; 26,5525; 
-1,15057e-26; 1,44597; 26,5074; 
-4,31462e-27; 1,44395; 26,4625; 
-1,61798e-27; 1,44194; 26,4178; 
-6,06743e-28; 1,43993; 26,3735; 
-2,27529e-28; 1,43794; 26,3293; 
-8,53233e-29; 1,43595; 26,2854; 
-3,19962e-29; 1,43397; 26,2418; 
-1,19986e-29; 1,432; 26,1984; 
-4,49947e-30; 1,43004; 26,1552; 
-1,6873e-30; 1,42808; 26,1123; 
-6,32738e-31; 1,42614; 26,0696; 
-2,37277e-31; 1,4242; 26,0272; 
-8,89788e-32; 1,42227; 25,985; 
-3,3367e-32; 1,42035; 25,943; 
-1,25126e-32; 1,41843; 25,9013; 
-4,69224e-33; 1,41653; 25,8598; 
-1,75959e-33; 1,41463; 25,8185; 
-6,59846e-34; 1,41274; 25,7775; 
-2,47442e-34; 1,41086; 25,7368; 
-9,27909e-35; 1,40898; 25,6962; 
-3,47966e-35; 1,40712; 25,6559; 
-1,30487e-35; 1,40526; 25,6158; 
-4,89327e-36; 1,40341; 25,576; 
-1,83498e-36; 1,40157; 25,5364; 
-6,88116e-37; 1,39973; 25,497; 
-2,58044e-37; 1,3979; 25,4578; 
-9,67663e-38; 1,39609; 25,4189; 
-3,62874e-38; 1,39427; 25,3802; 
-1,36078e-38; 1,39247; 25,3417; 
-5,10291e-39; 1,39067; 25,3035; 
-1,91359e-39; 1,38888; 25,2654; 
-7,17597e-40; 1,3871; 25,2276; 
-2,69099e-40; 1,38533; 25,1901; 
-1,00912e-40; 1,38356; 25,1527; 
-3,7842e-41; 1,3818; 25,1156; 
-1,41908e-41; 1,38005; 25,0787; 
-5,32154e-42; 1,37831; 25,042; 
-1,99558e-42; 1,37657; 25,0055; 
-7,48341e-43; 1,37484; 24,9692; 
-2,80628e-43; 1,37312; 24,9332; 
-1,05235e-43; 1,37141; 24,8974; 
-3,94633e-44; 1,3697; 24,8618; 
-1,47987e-44; 1,368; 24,8264; 
-5,54953e-45; 1,36631; 24,7912; 
-2,08107e-45; 1,36462; 24,7563; 
-7,80402e-46; 1,36294; 24,7215; 
-2,92651e-46; 1,36127; 24,687; 
-1,09744e-46; 1,35961; 24,6527; 
-4,1154e-47; 1,35795; 24,6185; 
-1,54328e-47; 1,3563; 24,5846; 
-5,78728e-48; 1,35466; 24,5509; 
-2,17023e-48; 1,35303; 24,5174; 
-8,13837e-49; 1,3514; 24,4842; 
-3,05189e-49; 1,34978; 24,4511; 
-1,14446e-49; 1,34816; 24,4182; 
-4,29172e-50; 1,34655; 24,3855; 
-1,60939e-50; 1,34495; 24,3531; 
-6,03523e-51; 1,34336; 24,3208; 
-2,26321e-51; 1,34177; 24,2887; 
-8,48704e-52; 1,34019; 24,2569; 
-3,18264e-52; 1,33862; 24,2252; 
-1,19349e-52; 1,33705; 24,1938; 
-4,47559e-53; 1,33549; 24,1625; 
-1,67834e-53; 1,33394; 24,1314; 
-6,29379e-54; 1,33239; 24,1005; 
-2,36017e-54; 1,33085; 24,0699; 
-8,85065e-55; 1,32932; 24,0394; 
-3,31899e-55; 1,3278; 24,0091; 
-1,24462e-55; 1,32628; 23,979; 
-4,66733e-56; 1,32476; 23,9491; 
-1,75025e-56; 1,32326; 23,9194; 
-6,56344e-57; 1,32176; 23,8898; 
-2,46129e-57; 1,32026; 23,8605; 
-9,22983e-58; 1,31878; 23,8314; 
-3,46119e-58; 1,31729; 23,8024; 
-1,29795e-58; 1,31582; 23,7736; 
-4,86729e-59; 1,31435; 23,745; 
-1,82524e-59; 1,31289; 23,7166; 
-6,84463e-60; 1,31144; 23,6884; 
-2,56674e-60; 1,30999; 23,6604; 
-9,62527e-61; 1,30855; 23,6325; 
-3,60947e-61; 1,30711; 23,6049; 
-1,35355e-61; 1,30568; 23,5774; 
-5,07582e-62; 1,30426; 23,5501; 
-1,90343e-62; 1,30284; 23,5229; 
-7,13788e-63; 1,30143; 23,496; 
-2,6767e-63; 1,30002; 23,4692; 
-1,00376e-63; 1,29862; 23,4426; 
-3,76411e-64; 1,29723; 23,4162; 
-1,41154e-64; 1,29585; 23,39; 
-5,29329e-65; 1,29446; 23,3639; 
-1,98498e-65; 1,29309; 23,338; 
-7,44368e-66; 1,29172; 23,3123; 
-2,79138e-66; 1,29036; 23,2867; 
-1,04677e-66; 1,289; 23,2613; 
-3,92538e-67; 1,28765; 23,2361; 
-1,47202e-67; 1,28631; 23,211; 
-5,52007e-68; 1,28497; 23,1862; 
-2,07002e-68; 1,28364; 23,1615; 
-7,76259e-69; 1,28231; 23,1369; 
-2,91097e-69; 1,28099; 23,1125; 
-1,09161e-69; 1,27967; 23,0883; 
-4,09355e-70; 1,27836; 23,0643; 
-1,53508e-70; 1,27706; 23,0404; 
-5,75656e-71; 1,27576; 23,0166; 
-2,15871e-71; 1,27447; 22,9931; 
-8,09516e-72; 1,27318; 22,9697; 
-3,03569e-72; 1,2719; 22,9464; 
-1,13838e-72; 1,27063; 22,9233; 
-4,26893e-73; 1,26936; 22,9004; 
-1,60085e-73; 1,2681; 22,8776; 
-6,00319e-74; 1,26684; 22,855; 
-2,2512e-74; 1,26559; 22,8326; 
-8,44198e-75; 1,26434; 22,8103; 
-3,16574e-75; 1,2631; 22,7881; 
-1,18715e-75; 1,26186; 22,7661; 
-4,45183e-76; 1,26063; 22,7443; 
-1,66944e-76; 1,2594; 22,7226; 
-6,26038e-77; 1,25819; 22,701; 
-2,34764e-77; 1,25697; 22,6796; 
-8,80366e-78; 1,25576; 22,6584; 
-3,30137e-78; 1,25456; 22,6373; 
-1,23802e-78; 1,25336; 22,6164; 
-4,64256e-79; 1,25217; 22,5956; 
-1,74096e-79; 1,25098; 22,5749; 
-6,5286e-80; 1,2498; 22,5544; 
-2,44822e-80; 1,24862; 22,534; 
-9,18084e-81; 1,24745; 22,5138; 
-3,44281e-81; 1,24628; 22,4937; 
-1,29106e-81; 1,24512; 22,4738; 
-4,84146e-82; 1,24397; 22,454; 
-1,81555e-82; 1,24282; 22,4343; 
-6,8083e-83; 1,24167; 22,4148; 
-2,55311e-83; 1,24053; 22,3954; 
-9,57417e-84; 1,2394; 22,3762; 
-3,59031e-84; 1,23826; 22,3571; 
-1,34637e-84; 1,23714; 22,3381; 
-5,04888e-85; 1,23602; 22,3193; 
-1,89333e-85; 1,2349; 22,3006; 
-7,09999e-86; 1,23379; 22,282; 
-2,66249e-86; 1,23269; 22,2636; 
-9,98436e-87; 1,23159; 22,2453; 
-3,74413e-87; 1,23049; 22,2271; 
-1,40405e-87; 1,2294; 22,2091; 
-5,26519e-88; 1,22832; 22,1912; 
-1,97445e-88; 1,22724; 22,1734; 
-7,40417e-89; 1,22616; 22,1558; 
-2,77656e-89; 1,22509; 22,1383; 
-1,04121e-89; 1,22403; 22,1209; 
-3,90454e-90; 1,22296; 22,1036; 
-1,4642e-90; 1,22191; 22,0865; 
-5,49076e-91; 1,22086; 22,0695; 
-2,05904e-91; 1,21981; 22,0526; 
-7,72139e-92; 1,21877; 22,0358; 
-2,89552e-92; 1,21773; 22,0192; 
-1,08582e-92; 1,2167; 22,0026; 
-4,07182e-93; 1,21567; 21,9862; 
-1,52693e-93; 1,21465; 21,97; 
-5,726e-94; 1,21363; 21,9538; 
-2,14725e-94; 1,21261; 21,9378; 
-8,05219e-95; 1,2116; 21,9218; 
-3,01957e-95; 1,2106; 21,906; 
-1,13234e-95; 1,2096; 21,8904; 
-4,24627e-96; 1,2086; 21,8748; 
-1,59235e-96; 1,20761; 21,8593; 
-5,97132e-97; 1,20662; 21,844; 
-2,23925e-97; 1,20564; 21,8288; 
-8,39717e-98; 1,20466; 21,8137; 
-3,14894e-98; 1,20369; 21,7987; 
-1,18085e-98; 1,20272; 21,7838; 
-4,4282e-99; 1,20176; 21,769; 
-1,66057e-99; 1,2008; 21,7543; 
-6,22715e-100; 1,19984; 21,7398; 
-2,33518e-100; 1,19889; 21,7253; 
-8,75693e-101; 1,19794; 21,711; 
-3,28385e-101; 1,197; 21,6968; 
-1,23144e-101; 1,19606; 21,6826; 
-4,61791e-102; 1,19513; 21,6686; 
-1,73172e-102; 1,1942; 21,6547; 
-6,49394e-103; 1,19327; 21,6409; 
-2,43523e-103; 1,19235; 21,6272; 
-9,1321e-104; 1,19143; 21,6136; 
-3,42454e-104; 1,19052; 21,6001; 
-1,2842e-104; 1,18961; 21,5867; 
-4,81576e-105; 1,1887; 21,5734; 
-1,80591e-105; 1,1878; 21,5603; 
-6,77216e-106; 1,18691; 21,5472; 
-2,53956e-106; 1,18601; 21,5342; 
-9,52335e-107; 1,18513; 21,5213; 
-3,57126e-107; 1,18424; 21,5085; 
-1,33922e-107; 1,18336; 21,4958; 
-5,02208e-108; 1,18248; 21,4832; 
-1,88328e-108; 1,18161; 21,4707; 
-7,0623e-109; 1,18074; 21,4583; 
-2,64836e-109; 1,17988; 21,446; 
-9,93136e-110; 1,17902; 21,4338; 
-3,72426e-110; 1,17816; 21,4217; 
-1,3966e-110; 1,17731; 21,4097; 
-5,23724e-111; 1,17646; 21,3978; 
-1,96396e-111; 1,17562; 21,3859; 
-7,36487e-112; 1,17478; 21,3742; 
-2,76182e-112; 1,17394; 21,3625; 
-1,03568e-112; 1,17311; 21,351; 
-3,88382e-113; 1,17228; 21,3395; 
-1,45643e-113; 1,17145; 21,3281; 
-5,46162e-114; 1,17063; 21,3168; 
-2,04811e-114; 1,16981; 21,3056; 
-7,6804e-115; 1,169; 21,2945; 
-2,88015e-115; 1,16819; 21,2835; 
-1,08006e-115; 1,16738; 21,2725; 
-4,05021e-116; 1,16658; 21,2617; 
-1,51883e-116; 1,16578; 21,2509; 
-5,69561e-117; 1,16499; 21,2402; 
-2,13585e-117; 1,1642; 21,2296; 
-8,00945e-118; 1,16341; 21,2191; 
-3,00354e-118; 1,16262; 21,2087; 
-1,12633e-118; 1,16184; 21,1983; 
-4,22373e-119; 1,16107; 21,188; 
-1,5839e-119; 1,16029; 21,1778; 
-5,93962e-120; 1,15952; 21,1677; 
-2,22736e-120; 1,15876; 21,1577; 
-8,3526e-121; 1,15799; 21,1477; 
-3,13222e-121; 1,15723; 21,1379; 
-1,17458e-121; 1,15648; 21,1281; 
-4,40469e-122; 1,15573; 21,1184; 
-1,65176e-122; 1,15498; 21,1087; 
-6,19409e-123; 1,15423; 21,0992; 
-2,32279e-123; 1,15349; 21,0897; 
-8,71045e-124; 1,15275; 21,0803; 
-3,26642e-124; 1,15202; 21,0709; 
-1,22491e-124; 1,15129; 21,0617; 
-4,5934e-125; 1,15056; 21,0525; 
-1,72252e-125; 1,14983; 21,0434; 
-6,45947e-126; 1,14911; 21,0343; 
-2,4223e-126; 1,14839; 21,0254; 
-9,08363e-127; 1,14768; 21,0165; 
-3,40636e-127; 1,14697; 21,0077; 
-1,27738e-127; 1,14626; 20,9989; 
-4,79019e-128; 1,14555; 20,9902; 
-1,79632e-128; 1,14485; 20,9816; 
-6,73621e-129; 1,14416; 20,9731; 
-2,52608e-129; 1,14346; 20,9646; 
-9,47279e-130; 1,14277; 20,9562; 
-3,5523e-130; 1,14208; 20,9479; 
-1,33211e-130; 1,1414; 20,9396; 
-4,99542e-131; 1,14071; 20,9314; 
-1,87328e-131; 1,14003; 20,9233; 
-7,02481e-132; 1,13936; 20,9152; 
-2,6343e-132; 1,13869; 20,9072; 
-9,87864e-133; 1,13802; 20,8993; 
-3,70449e-133; 1,13735; 20,8914; 
-1,38918e-133; 1,13669; 20,8836; 
-5,20944e-134; 1,13603; 20,8759; 
-1,95354e-134; 1,13537; 20,8682; 
-7,32577e-135; 1,13472; 20,8606; 
-2,74716e-135; 1,13407; 20,853; 
-1,03019e-135; 1,13342; 20,8455; 
-3,8632e-136; 1,13277; 20,8381; 
-1,4487e-136; 1,13213; 20,8307; 
-5,43262e-137; 1,13149; 20,8234; 
-2,03723e-137; 1,13086; 20,8162; 
-7,63963e-138; 1,13022; 20,809; 
-2,86486e-138; 1,1296; 20,8019; 
-1,07432e-138; 1,12897; 20,7948; 
-4,02871e-139; 1,12834; 20,7878; 
-1,51077e-139; 1,12772; 20,7808; 
-5,66537e-140; 1,12711; 20,7739; 
-2,12451e-140; 1,12649; 20,7671; 
-7,96693e-141; 1,12588; 20,7603; 
-2,9876e-141; 1,12527; 20,7536; 
-1,12035e-141; 1,12466; 20,7469; 
-4,20131e-142; 1,12406; 20,7403; 
-1,57549e-142; 1,12346; 20,7337; 
-5,90809e-143; 1,12286; 20,7272; 
-2,21554e-143; 1,12227; 20,7208; 
-8,30826e-144; 1,12167; 20,7144; 
-3,1156e-144; 1,12108; 20,7081; 
-1,16835e-144; 1,1205; 20,7018; 
-4,38131e-145; 1,11991; 20,6955; 
-1,64299e-145; 1,11933; 20,6893; 
-6,16121e-146; 1,11875; 20,6832; 
-2,31046e-146; 1,11818; 20,6771; 
-8,66421e-147; 1,1176; 20,6711; 
-3,24908e-147; 1,11703; 20,6651; 
-1,2184e-147; 1,11647; 20,6592; 
-4,56902e-148; 1,1159; 20,6533; 
-1,71338e-148; 1,11534; 20,6475; 
-6,42518e-149; 1,11478; 20,6417; 
-2,40944e-149; 1,11422; 20,636; 
-9,03541e-150; 1,11367; 20,6303; 
-3,38828e-150; 1,11312; 20,6247; 
-1,2706e-150; 1,11257; 20,6191; 
-4,76477e-151; 1,11202; 20,6135; 
-1,78679e-151; 1,11148; 20,608; 
-6,70045e-152; 1,11094; 20,6026; 
-2,51267e-152; 1,1104; 20,5972; 
-9,42251e-153; 1,10986; 20,5918; 
-3,53344e-153; 1,10933; 20,5865; 
-1,32504e-153; 1,1088; 20,5813; 
-4,9689e-154; 1,10827; 20,576; 
-1,86334e-154; 1,10774; 20,5709; 
-6,98752e-155; 1,10722; 20,5657; 
-2,62032e-155; 1,1067; 20,5606; 
-9,8262e-156; 1,10618; 20,5556; 
-3,68482e-156; 1,10566; 20,5506; 
-1,38181e-156; 1,10515; 20,5456; 
-5,18178e-157; 1,10464; 20,5407; 
-1,94317e-157; 1,10413; 20,5358; 
-7,28688e-158; 1,10362; 20,531; 
-2,73258e-158; 1,10312; 20,5262; 
-1,02472e-158; 1,10261; 20,5215; 
-3,84269e-159; 1,10212; 20,5168; 
-1,44101e-159; 1,10162; 20,5121; 
-5,40379e-160; 1,10112; 20,5075; 
-2,02642e-160; 1,10063; 20,5029; 
-7,59907e-161; 1,10014; 20,4983; 
-2,84965e-161; 1,09965; 20,4938; 
-1,06862e-161; 1,09917; 20,4893; 
-4,00732e-162; 1,09869; 20,4849; 
-1,50275e-162; 1,09821; 20,4805; 
-5,6353e-163; 1,09773; 20,4762; 
-2,11324e-163; 1,09725; 20,4718; 
-7,92464e-164; 1,09678; 20,4676; 
-2,97174e-164; 1,09631; 20,4633; 
-1,1144e-164; 1,09584; 20,4591; 
-4,17901e-165; 1,09537; 20,4549; 
-1,56713e-165; 1,0949; 20,4508; 
-5,87673e-166; 1,09444; 20,4467; 
-2,20377e-166; 1,09398; 20,4426; 
-8,26415e-167; 1,09352; 20,4386; 
-3,09906e-167; 1,09307; 20,4346; 
-1,16215e-167; 1,09261; 20,4307; 
-4,35805e-168; 1,09216; 20,4267; 
-1,63427e-168; 1,09171; 20,4228; 
-6,12851e-169; 1,09126; 20,419; 
-2,29819e-169; 1,09082; 20,4152; 
-8,61821e-170; 1,09038; 20,4114; 
-3,23183e-170; 1,08993; 20,4076; 
-1,21194e-170; 1,0895; 20,4039; 
-4,54476e-171; 1,08906; 20,4002; 
-1,70429e-171; 1,08862; 20,3965; 
-6,39107e-172; 1,08819; 20,3929; 
-2,39665e-172; 1,08776; 20,3893; 
-8,98744e-173; 1,08733; 20,3858; 
-3,37029e-173; 1,08691; 20,3822; 
-1,26386e-173; 1,08648; 20,3787; 
-4,73947e-174; 1,08606; 20,3753; 
-1,7773e-174; 1,08564; 20,3718; 
-6,66488e-175; 1,08522; 20,3684; 
-2,49933e-175; 1,0848; 20,365; 
-9,37249e-176; 1,08439; 20,3617; 
-3,51468e-176; 1,08398; 20,3584; 
-1,31801e-176; 1,08357; 20,3551; 
-4,94252e-177; 1,08316; 20,3518; 
-1,85345e-177; 1,08275; 20,3486; 
-6,95042e-178; 1,08235; 20,3454; 
-2,60641e-178; 1,08194; 20,3422; 
-9,77404e-179; 1,08154; 20,339; 
-3,66526e-179; 1,08114; 20,3359; 
-1,37447e-179; 1,08075; 20,3328; 
-5,15428e-180; 1,08035; 20,3298; 
-1,93285e-180; 1,07996; 20,3267; 
-7,2482e-181; 1,07957; 20,3237; 
-2,71808e-181; 1,07918; 20,3207; 
-1,01928e-181; 1,07879; 20,3178; 
-3,82229e-182; 1,07841; 20,3148; 
-1,43336e-182; 1,07802; 20,3119; 
-5,3751e-183; 1,07764; 20,309; 
-2,01566e-183; 1,07726; 20,3062; 
-7,55873e-184; 1,07688; 20,3034; 
-2,83453e-184; 1,07651; 20,3006; 
-1,06295e-184; 1,07613; 20,2978; 
-3,98605e-185; 1,07576; 20,295; 
-1,49477e-185; 1,07539; 20,2923; 
-5,60538e-186; 1,07502; 20,2896; 
-2,10202e-186; 1,07465; 20,2869; 
-7,88257e-187; 1,07429; 20,2842; 
-2,95596e-187; 1,07392; 20,2816; 
-1,10849e-187; 1,07356; 20,279; 
-4,15683e-188; 1,0732; 20,2764; 
-1,55881e-188; 1,07284; 20,2738; 
-5,84554e-189; 1,07248; 20,2713; 
-2,19208e-189; 1,07213; 20,2688; 
-8,22028e-190; 1,07178; 20,2663; 
-3,08261e-190; 1,07142; 20,2638; 
-1,15598e-190; 1,07107; 20,2614; 
-4,33492e-191; 1,07072; 20,2589; 
-1,62559e-191; 1,07038; 20,2565; 
-6,09598e-192; 1,07003; 20,2541; 
-2,28599e-192; 1,06969; 20,2518; 
-8,57247e-193; 1,06935; 20,2494; 
-3,21467e-193; 1,06901; 20,2471; 
-1,2055e-193; 1,06867; 20,2448; 
-4,52064e-194; 1,06833; 20,2425; 
-1,69524e-194; 1,068; 20,2403; 
-6,35714e-195; 1,06766; 20,238; 
-2,38393e-195; 1,06733; 20,2358; 
-8,93973e-196; 1,067; 20,2336; 
-3,3524e-196; 1,06667; 20,2314; 
-1,25715e-196; 1,06635; 20,2293; 
-4,71431e-197; 1,06602; 20,2271; 
-1,76787e-197; 1,0657; 20,225; 
-6,6295e-198; 1,06537; 20,2229; 
-2,48606e-198; 1,06505; 20,2208; 
-9,32274e-199; 1,06473; 20,2188; 
-3,49603e-199; 1,06442; 20,2167; 
-1,31101e-199; 1,0641; 20,2147; 
-4,91629e-200; 1,06378; 20,2127; 
-1,84361e-200; 1,06347; 20,2107; 
-6,91353e-201; 1,06316; 20,2087; 
-2,59257e-201; 1,06285; 20,2068; 
-9,72215e-202; 1,06254; 20,2048; 
-3,64581e-202; 1,06223; 20,2029; 
-1,36718e-202; 1,06193; 20,201; 
-5,12692e-203; 1,06162; 20,1991; 
-1,92259e-203; 1,06132; 20,1973; 
-7,20972e-204; 1,06102; 20,1954; 
-2,70365e-204; 1,06072; 20,1936; 
-1,01387e-204; 1,06042; 20,1918; 
-3,802e-205; 1,06012; 20,19; 
-1,42575e-205; 1,05983; 20,1882; 
-5,34657e-206; 1,05953; 20,1864; 
-2,00496e-206; 1,05924; 20,1847; 
-7,51861e-207; 1,05895; 20,1829; 
-2,81948e-207; 1,05866; 20,1812; 
-1,0573e-207; 1,05837; 20,1795; 
-3,96489e-208; 1,05809; 20,1778; 
-1,48683e-208; 1,0578; 20,1761; 
-5,57563e-209; 1,05752; 20,1745; 
-2,09086e-209; 1,05723; 20,1728; 
-7,84073e-210; 1,05695; 20,1712; 
-2,94027e-210; 1,05667; 20,1696; 
-1,1026e-210; 1,05639; 20,168; 
-4,13476e-211; 1,05612; 20,1664; 
-1,55053e-211; 1,05584; 20,1648; 
-5,81451e-212; 1,05556; 20,1633; 
-2,18044e-212; 1,05529; 20,1618; 
-8,17665e-213; 1,05502; 20,1602; 
-3,06624e-213; 1,05475; 20,1587; 
-1,14984e-213; 1,05448; 20,1572; 
-4,3119e-214; 1,05421; 20,1557; 
-1,61696e-214; 1,05394; 20,1543; 
-6,06362e-215; 1,05368; 20,1528; 
-2,27386e-215; 1,05341; 20,1514; 
-8,52696e-216; 1,05315; 20,1499; 
-3,19761e-216; 1,05289; 20,1485; 
-1,1991e-216; 1,05263; 20,1471; 
-4,49664e-217; 1,05237; 20,1457; 
-1,68624e-217; 1,05211; 20,1443; 
-6,3234e-218; 1,05186; 20,143; 
-2,37127e-218; 1,0516; 20,1416; 
-8,89228e-219; 1,05135; 20,1403; 
-3,3346e-219; 1,05109; 20,139; 
-1,25048e-219; 1,05084; 20,1376; 
-4,68929e-220; 1,05059; 20,1363; 
-1,75848e-220; 1,05034; 20,135; 
-6,59431e-221; 1,05009; 20,1338; 
-2,47287e-221; 1,04985; 20,1325; 
-9,27325e-222; 1,0496; 20,1312; 
-3,47747e-222; 1,04936; 20,13; 
-1,30405e-222; 1,04911; 20,1288; 
-4,89019e-223; 1,04887; 20,1275; 
-1,83382e-223; 1,04863; 20,1263; 
-6,87683e-224; 1,04839; 20,1251; 
-2,57881e-224; 1,04815; 20,1239; 
-9,67054e-225; 1,04792; 20,1228; 
-3,62645e-225; 1,04768; 20,1216; 
-1,35992e-225; 1,04744; 20,1204; 
-5,0997e-226; 1,04721; 20,1193; 
-1,91239e-226; 1,04698; 20,1182; 
-7,17145e-227; 1,04675; 20,117; 
-2,68929e-227; 1,04652; 20,1159; 
-1,00849e-227; 1,04629; 20,1148; 
-3,78182e-228; 1,04606; 20,1137; 
-1,41818e-228; 1,04583; 20,1127; 
-5,31819e-229; 1,0456; 20,1116; 
-1,99432e-229; 1,04538; 20,1105; 
-7,4787e-230; 1,04516; 20,1095; 
-2,80451e-230; 1,04493; 20,1084; 
-1,05169e-230; 1,04471; 20,1074; 
-3,94384e-231; 1,04449; 20,1064; 
-1,47894e-231; 1,04427; 20,1054; 
-5,54603e-232; 1,04405; 20,1044; 
-2,07976e-232; 1,04384; 20,1034; 
-7,79911e-233; 1,04362; 20,1024; 
-2,92467e-233; 1,0434; 20,1014; 
-1,09675e-233; 1,04319; 20,1004; 
-4,11281e-234; 1,04298; 20,0995; 
-1,5423e-234; 1,04276; 20,0985; 
-5,78364e-235; 1,04255; 20,0976; 
-2,16886e-235; 1,04234; 20,0966; 
-8,13324e-236; 1,04213; 20,0957; 
-3,04997e-236; 1,04193; 20,0948; 
-1,14374e-236; 1,04172; 20,0939; 
-4,28902e-237; 1,04151; 20,093; 
-1,60838e-237; 1,04131; 20,0921; 
-6,03143e-238; 1,0411; 20,0912; 
-2,26179e-238; 1,0409; 20,0904; 
-8,48169e-239; 1,0407; 20,0895; 
-3,18064e-239; 1,0405; 20,0886; 
-1,19274e-239; 1,0403; 20,0878; 
-4,47277e-240; 1,0401; 20,087; 
-1,67729e-240; 1,0399; 20,0861; 
-6,28983e-241; 1,0397; 20,0853; 
-2,35869e-241; 1,03951; 20,0845; 
-8,84507e-242; 1,03931; 20,0837; 
-3,3169e-242; 1,03912; 20,0829; 
-1,24384e-242; 1,03893; 20,0821; 
-4,66439e-243; 1,03873; 20,0813; 
-1,74915e-243; 1,03854; 20,0805; 
-6,55931e-244; 1,03835; 20,0797; 
-2,45974e-244; 1,03816; 20,079; 
-9,22402e-245; 1,03797; 20,0782; 
-3,45901e-245; 1,03779; 20,0775; 
-1,29713e-245; 1,0376; 20,0767; 
-4,86423e-246; 1,03741; 20,076; 
-1,82409e-246; 1,03723; 20,0753; 
-6,84032e-247; 1,03705; 20,0745; 
-2,56512e-247; 1,03686; 20,0738; 
-9,61921e-248; 1,03668; 20,0731; 
-3,6072e-248; 1,0365; 20,0724; 
-1,3527e-248; 1,03632; 20,0717; 
-5,07263e-249; 1,03614; 20,071; 
-1,90224e-249; 1,03596; 20,0703; 
-7,13338e-250; 1,03578; 20,0697; 
-2,67502e-250; 1,03561; 20,069; 
-1,00313e-250; 1,03543; 20,0683; 
-3,76175e-251; 1,03525; 20,0677; 
-1,41065e-251; 1,03508; 20,067; 
-5,28995e-252; 1,03491; 20,0664; 
-1,98373e-252; 1,03473; 20,0658; 
-7,439e-253; 1,03456; 20,0651; 
-2,78962e-253; 1,03439; 20,0645; 
-1,04611e-253; 1,03422; 20,0639; 
-3,92291e-254; 1,03405; 20,0633; 
-1,47109e-254; 1,03388; 20,0626; 
-5,51659e-255; 1,03372; 20,062; 
-2,06872e-255; 1,03355; 20,0614; 
-7,75771e-256; 1,03338; 20,0609; 
-2,90914e-256; 1,03322; 20,0603; 
-1,09093e-256; 1,03305; 20,0597; 
-4,09098e-257; 1,03289; 20,0591; 
-1,53412e-257; 1,03273; 20,0585; 
-5,75294e-258; 1,03257; 20,058; 
-2,15735e-258; 1,0324; 20,0574; 
-8,09007e-259; 1,03224; 20,0569; 
-3,03378e-259; 1,03208; 20,0563; 
-1,13767e-259; 1,03193; 20,0558; 
-4,26625e-260; 1,03177; 20,0552; 
-1,59984e-260; 1,03161; 20,0547; 
-5,99941e-261; 1,03145; 20,0542; 
-2,24978e-261; 1,0313; 20,0537; 
-8,43667e-262; 1,03114; 20,0531; 
-3,16375e-262; 1,03099; 20,0526; 
-1,18641e-262; 1,03084; 20,0521; 
-4,44903e-263; 1,03068; 20,0516; 
-1,66838e-263; 1,03053; 20,0511; 
-6,25644e-264; 1,03038; 20,0506; 
-2,34617e-264; 1,03023; 20,0501; 
-8,79812e-265; 1,03008; 20,0496; 
-3,2993e-265; 1,02993; 20,0492; 
-1,23724e-265; 1,02978; 20,0487; 
-4,63963e-266; 1,02964; 20,0482; 
-1,73986e-266; 1,02949; 20,0478; 
-6,52449e-267; 1,02934; 20,0473; 
-2,44668e-267; 1,0292; 20,0468; 
-9,17506e-268; 1,02905; 20,0464; 
-3,44065e-268; 1,02891; 20,0459; 
-1,29024e-268; 1,02877; 20,0455; 
-4,83841e-269; 1,02862; 20,0451; 
-1,8144e-269; 1,02848; 20,0446; 
-6,80401e-270; 1,02834; 20,0442; 
-2,55151e-270; 1,0282; 20,0438; 
-9,56814e-271; 1,02806; 20,0433; 
-3,58805e-271; 1,02792; 20,0429; 
-1,34552e-271; 1,02778; 20,0425; 
-5,0457e-272; 1,02765; 20,0421; 
-1,89214e-272; 1,02751; 20,0417; 
-7,09552e-273; 1,02737; 20,0413; 
-2,66082e-273; 1,02724; 20,0409; 
-9,97807e-274; 1,0271; 20,0405; 
-3,74178e-274; 1,02697; 20,0401; 
-1,40317e-274; 1,02683; 20,0397; 
-5,26187e-275; 1,0267; 20,0393; 
-1,9732e-275; 1,02657; 20,0389; 
-7,39951e-276; 1,02644; 20,0386; 
-2,77482e-276; 1,02631; 20,0382; 
-1,04056e-276; 1,02618; 20,0378; 
-3,90209e-277; 1,02605; 20,0374; 
-1,46328e-277; 1,02592; 20,0371; 
-5,48731e-278; 1,02579; 20,0367; 
-2,05774e-278; 1,02566; 20,0364; 
-7,71653e-279; 1,02553; 20,036; 
-2,8937e-279; 1,02541; 20,0357; 
-1,08514e-279; 1,02528; 20,0353; 
-4,06926e-280; 1,02516; 20,035; 
-1,52597e-280; 1,02503; 20,0346; 
-5,7224e-281; 1,02491; 20,0343; 
-2,1459e-281; 1,02478; 20,034; 
-8,04712e-282; 1,02466; 20,0336; 
-3,01767e-282; 1,02454; 20,0333; 
-1,13163e-282; 1,02442; 20,033; 
-4,2436e-283; 1,0243; 20,0327; 
-1,59135e-283; 1,02418; 20,0323; 
-5,96756e-284; 1,02406; 20,032; 
-2,23784e-284; 1,02394; 20,0317; 
-8,39189e-285; 1,02382; 20,0314; 
-3,14696e-285; 1,0237; 20,0311; 
-1,18011e-285; 1,02358; 20,0308; 
-4,42541e-286; 1,02347; 20,0305; 
-1,65953e-286; 1,02335; 20,0302; 
-6,22323e-287; 1,02323; 20,0299; 
-2,33371e-287; 1,02312; 20,0296; 
-8,75142e-288; 1,023; 20,0293; 
-3,28178e-288; 1,02289; 20,0291; 
-1,23067e-288; 1,02278; 20,0288; 
-4,61501e-289; 1,02266; 20,0285; 
-1,73063e-289; 1,02255; 20,0282; 
-6,48985e-290; 1,02244; 20,0279; 
-2,43369e-290; 1,02233; 20,0277; 
-9,12635e-291; 1,02222; 20,0274; 
-3,42238e-291; 1,02211; 20,0271; 
-1,28339e-291; 1,022; 20,0269; 
-4,81273e-292; 1,02189; 20,0266; 
-1,80477e-292; 1,02178; 20,0263; 
-6,7679e-293; 1,02167; 20,0261; 
-2,53796e-293; 1,02156; 20,0258; 
-9,51735e-294; 1,02146; 20,0256; 
-3,56901e-294; 1,02135; 20,0253; 
-1,33838e-294; 1,02124; 20,0251; 
-5,01892e-295; 1,02114; 20,0248; 
-1,88209e-295; 1,02103; 20,0246; 
-7,05785e-296; 1,02093; 20,0244; 
-2,64669e-296; 1,02083; 20,0241; 
-9,9251e-297; 1,02072; 20,0239; 
-3,72191e-297; 1,02062; 20,0237; 
-1,39572e-297; 1,02052; 20,0234; 
-5,23394e-298; 1,02042; 20,0232; 
-1,96273e-298; 1,02031; 20,023; 
-7,36023e-299; 1,02021; 20,0227; 
-2,76009e-299; 1,02011; 20,0225; 
-1,03503e-299; 1,02001; 20,0223; 
-3,88137e-300; 1,01991; 20,0221; 
-1,45551e-300; 1,01982; 20,0219; 
-5,45818e-301; 1,01972; 20,0217; 
-2,04682e-301; 1,01962; 20,0214; 
-7,67556e-302; 1,01952; 20,0212; 
-2,87834e-302; 1,01943; 20,021; 
-1,07938e-302; 1,01933; 20,0208; 
-4,04766e-303; 1,01923; 20,0206; 
-1,51787e-303; 1,01914; 20,0204; 
-5,69202e-304; 1,01904; 20,0202; 
-2,13451e-304; 1,01895; 20,02; 
-8,00441e-305; 1,01885; 20,0198; 
-3,00165e-305; 1,01876; 20,0196; 
-1,12562e-305; 1,01867; 20,0194; 
-4,22107e-306; 1,01857; 20,0193; 
-1,5829e-306; 1,01848; 20,0191; 
-5,93589e-307; 1,01839; 20,0189; 
-2,22596e-307; 1,0183; 20,0187; 
-8,34734e-308; 1,01821; 20,0185; 
-3,13025e-308; 1,01812; 20,0183; 
-1,17384e-308; 1,01803; 20,0181; 
-4,40192e-309; 1,01794; 20,018; 
-1,65072e-309; 1,01785; 20,0178; 
-6,1902e-310; 1,01776; 20,0176; 
-2,32132e-310; 1,01767; 20,0174; 
-8,70496e-311; 1,01758; 20,0173; 
-3,26436e-311; 1,0175; 20,0171; 
-1,22414e-311; 1,01741; 20,0169; 
-4,59051e-312; 1,01732; 20,0168; 
-1,72144e-312; 1,01724; 20,0166; 
-6,4554e-313; 1,01715; 20,0165; 
-2,42078e-313; 1,01707; 20,0163; 
-9,07791e-314; 1,01698; 20,0161; 
-3,40422e-314; 1,0169; 20,016; 
-1,27658e-314; 1,01681; 20,0158; 
-4,78718e-315; 1,01673; 20,0157; 
-1,79519e-315; 1,01665; 20,0155; 
-6,73197e-316; 1,01657; 20,0154; 
-2,52449e-316; 1,01648; 20,0152; 
-9,46683e-317; 1,0164; 20,0151; 
-3,55006e-317; 1,01632; 20,0149; 
-1,33127e-317; 1,01624; 20,0148; 
-4,99228e-318; 1,01616; 20,0146; 
-1,8721e-318; 1,01608; 20,0145; 
-7,02038e-319; 1,016; 20,0143; 
-2,63263e-319; 1,01592; 20,0142; 
-9,87242e-320; 1,01584; 20,0141; 
-3,70203e-320; 1,01576; 20,0139; 
-1,38832e-320; 1,01568; 20,0138; 
-5,20745e-321; 1,0156; 20,0136; 
-1,95156e-321; 1,01553; 20,0135; 
-7,31217e-322; 1,01545; 20,0134; 
-2,76677e-322; 1,01537; 20,0132; 
-1,03754e-322; 1,0153; 20,0131; 
-3,95253e-323; 1,01522; 20,013; 
-1,4822e-323; 1,01514; 20,0129; 
-4,94066e-324; 1,01507; 20,0127; 
0; 1,01499; 20,0126; 
0; 1,01492; 20,0125; 
0; 1,01485; 20,0124; 
0; 1,01477; 20,0122; 
0; 1,0147; 20,0121; 
0; 1,01463; 20,012; 
0; 1,01455; 20,0119; 
0; 1,01448; 20,0118; 
0; 1,01441; 20,0117; 
0; 1,01434; 20,0115; 
0; 1,01427; 20,0114; 
0; 1,0142; 20,0113; 
0; 1,01412; 20,0112; 
0; 1,01405; 20,0111; 
0; 1,01398; 20,011; 
0; 1,01392; 20,0109; 
0; 1,01385; 20,0108; 
0; 1,01378; 20,0107; 
0; 1,01371; 20,0106; 
0; 1,01364; 20,0105; 
0; 1,01357; 20,0104; 
0; 1,01351; 20,0103; 
0; 1,01344; 20,0102; 
0; 1,01337; 20,0101; 
0; 1,01331; 20,01; 
0; 1,01324; 20,0099; 
0; 1,01317; 20,0098; 
0; 1,01311; 20,0097; 
0; 1,01304; 20,0096; 
0; 1,01298; 20,0095; 
0; 1,01291; 20,0094; 
0; 1,01285; 20,0093; 
0; 1,01279; 20,0092; 
0; 1,01272; 20,0091; 
0; 1,01266; 20,009; 
0; 1,0126; 20,0089; 
0; 1,01253; 20,0088; 
0; 1,01247; 20,0088; 
0; 1,01241; 20,0087; 
0; 1,01235; 20,0086; 
0; 1,01229; 20,0085; 
0; 1,01222; 20,0084; 
0; 1,01216; 20,0083; 
0; 1,0121; 20,0083; 
0; 1,01204; 20,0082; 
0; 1,01198; 20,0081; 
0; 1,01192; 20,008; 
0; 1,01186; 20,0079; 
0; 1,01181; 20,0079; 
0; 1,01175; 20,0078; 
0; 1,01169; 20,0077; 
0; 1,01163; 20,0076; 
0; 1,01157; 20,0075; 
0; 1,01151; 20,0075; 
0; 1,01146; 20,0074; 
0; 1,0114; 20,0073; 
0; 1,01134; 20,0073; 
0; 1,01129; 20,0072; 
0; 1,01123; 20,0071; 
0; 1,01118; 20,007; 
0; 1,01112; 20,007; 
0; 1,01106; 20,0069; 
0; 1,01101; 20,0068; 
0; 1,01095; 20,0068; 
0; 1,0109; 20,0067; 
0; 1,01085; 20,0066; 
0; 1,01079; 20,0066; 
0; 1,01074; 20,0065; 
0; 1,01068; 20,0064; 
0; 1,01063; 20,0064; 
0; 1,01058; 20,0063; 
0; 1,01053; 20,0063; 
0; 1,01047; 20,0062; 
0; 1,01042; 20,0061; 
0; 1,01037; 20,0061; 
0; 1,01032; 20,006; 
0; 1,01027; 20,006; 
0; 1,01022; 20,0059; 
0; 1,01017; 20,0058; 
0; 1,01011; 20,0058; 
0; 1,01006; 20,0057; 
0; 1,01001; 20,0057; 
0; 1,00996; 20,0056; 
0; 1,00991; 20,0056; 
0; 1,00987; 20,0055; 
0; 1,00982; 20,0054; 
0; 1,00977; 20,0054; 
0; 1,00972; 20,0053; 
0; 1,00967; 20,0053; 
0; 1,00962; 20,0052; 
0; 1,00957; 20,0052; 
0; 1,00953; 20,0051; 
0; 1,00948; 20,0051; 
0; 1,00943; 20,005; 
0; 1,00939; 20,005; 
0; 1,00934; 20,0049; 
0; 1,00929; 20,0049; 
0; 1,00925; 20,0048; 
0; 1,0092; 20,0048; 
0; 1,00915; 20,0047; 
0; 1,00911; 20,0047; 
0; 1,00906; 20,0046; 
0; 1,00902; 20,0046; 
0; 1,00897; 20,0046; 
0; 1,00893; 20,0045; 
0; 1,00888; 20,0045; 
0; 1,00884; 20,0044; 
0; 1,0088; 20,0044; 
0; 1,00875; 20,0043; 
0; 1,00871; 20,0043; 
0; 1,00867; 20,0043; 
0; 1,00862; 20,0042; 
0; 1,00858; 20,0042; 
0; 1,00854; 20,0041; 
0; 1,00849; 20,0041; 
0; 1,00845; 20,004; 
0; 1,00841; 20,004; 
0; 1,00837; 20,004; 
0; 1,00833; 20,0039; 
0; 1,00829; 20,0039; 
0; 1,00824; 20,0038; 
0; 1,0082; 20,0038; 
0; 1,00816; 20,0038; 
0; 1,00812; 20,0037; 
0; 1,00808; 20,0037; 
0; 1,00804; 20,0037; 
0; 1,008; 20,0036; 
0; 1,00796; 20,0036; 
0; 1,00792; 20,0036; 
0; 1,00788; 20,0035; 
0; 1,00784; 20,0035; 
0; 1,0078; 20,0035; 
0; 1,00777; 20,0034; 
0; 1,00773; 20,0034; 
0; 1,00769; 20,0034; 
0; 1,00765; 20,0033; 
0; 1,00761; 20,0033; 
0; 1,00757; 20,0033; 
0; 1,00754; 20,0032; 
0; 1,0075; 20,0032; 
0; 1,00746; 20,0032; 
0; 1,00742; 20,0031; 
0; 1,00739; 20,0031; 
0; 1,00735; 20,0031; 
0; 1,00731; 20,003; 
0; 1,00728; 20,003; 
0; 1,00724; 20,003; 
0; 1,00721; 20,0029; 
0; 1,00717; 20,0029; 
0; 1,00713; 20,0029; 
0; 1,0071; 20,0029; 
0; 1,00706; 20,0028; 
0; 1,00703; 20,0028; 
0; 1,00699; 20,0028; 
0; 1,00696; 20,0027; 
0; 1,00692; 20,0027; 
0; 1,00689; 20,0027; 
0; 1,00685; 20,0027; 
0; 1,00682; 20,0026; 
0; 1,00679; 20,0026; 
0; 1,00675; 20,0026; 
0; 1,00672; 20,0026; 
0; 1,00669; 20,0025; 
0; 1,00665; 20,0025; 
0; 1,00662; 20,0025; 
0; 1,00659; 20,0025; 
0; 1,00655; 20,0024; 
0; 1,00652; 20,0024; 
0; 1,00649; 20,0024; 
0; 1,00646; 20,0024; 
0; 1,00642; 20,0023; 
0; 1,00639; 20,0023; 
0; 1,00636; 20,0023; 
0; 1,00633; 20,0023; 
0; 1,0063; 20,0023; 
0; 1,00627; 20,0022; 
0; 1,00623; 20,0022; 
0; 1,0062; 20,0022; 
0; 1,00617; 20,0022; 
0; 1,00614; 20,0021; 
0; 1,00611; 20,0021; 
0; 1,00608; 20,0021; 
0; 1,00605; 20,0021; 
0; 1,00602; 20,0021; 
0; 1,00599; 20,002; 
0; 1,00596; 20,002; 
0; 1,00593; 20,002; 
0; 1,0059; 20,002; 
0; 1,00587; 20,002; 
0; 1,00584; 20,0019; 
0; 1,00581; 20,0019; 
0; 1,00578; 20,0019; 
0; 1,00576; 20,0019; 
0; 1,00573; 20,0019; 
0; 1,0057; 20,0018; 
0; 1,00567; 20,0018; 
0; 1,00564; 20,0018; 
0; 1,00561; 20,0018; 
0; 1,00559; 20,0018; 
0; 1,00556; 20,0018; 
0; 1,00553; 20,0017; 
0; 1,0055; 20,0017; 
0; 1,00548; 20,0017; 
0; 1,00545; 20,0017; 
0; 1,00542; 20,0017; 
0; 1,00539; 20,0017; 
0; 1,00537; 20,0016; 
0; 1,00534; 20,0016; 
0; 1,00531; 20,0016; 
0; 1,00529; 20,0016; 
0; 1,00526; 20,0016; 
0; 1,00524; 20,0016; 
0; 1,00521; 20,0015; 
0; 1,00518; 20,0015; 
0; 1,00516; 20,0015; 
0; 1,00513; 20,0015; 
0; 1,00511; 20,0015; 
0; 1,00508; 20,0015; 
0; 1,00506; 20,0015; 
0; 1,00503; 20,0014; 
0; 1,00501; 20,0014; 
0; 1,00498; 20,0014; 
0; 1,00496; 20,0014; 
0; 1,00493; 20,0014; 
0; 1,00491; 20,0014; 
0; 1,00488; 20,0014; 
0; 1,00486; 20,0013; 
0; 1,00483; 20,0013; 
0; 1,00481; 20,0013; 
0; 1,00479; 20,0013; 
0; 1,00476; 20,0013; 
0; 1,00474; 20,0013; 
0; 1,00471; 20,0013; 
0; 1,00469; 20,0013; 
0; 1,00467; 20,0012; 
0; 1,00464; 20,0012; 
0; 1,00462; 20,0012; 
0; 1,0046; 20,0012; 
0; 1,00458; 20,0012; 
0; 1,00455; 20,0012; 
0; 1,00453; 20,0012; 
0; 1,00451; 20,0012; 
0; 1,00448; 20,0011; 
0; 1,00446; 20,0011; 
0; 1,00444; 20,0011; 
0; 1,00442; 20,0011; 
0; 1,0044; 20,0011; 
0; 1,00437; 20,0011; 
0; 1,00435; 20,0011; 
0; 1,00433; 20,0011; 
0; 1,00431; 20,0011; 
0; 1,00429; 20,001; 
0; 1,00427; 20,001; 
0; 1,00425; 20,001; 
0; 1,00422; 20,001; 
0; 1,0042; 20,001; 
0; 1,00418; 20,001; 
0; 1,00416; 20,001; 
0; 1,00414; 20,001; 
0; 1,00412; 20,001; 
0; 1,0041; 20,001; 
0; 1,00408; 20,0009; 
0; 1,00406; 20,0009; 
0; 1,00404; 20,0009; 
0; 1,00402; 20,0009; 