0.0099;
0.0055709;
0.00495;
0.0039015;
0.0033453;
0.0027745;
0.0023746;
0.002021;
0.0017445;
0.00151;
0.0013182;
0.0011565;
0.00013774;
0.00013511;
5.6499e-05;
1.773e-05;
1.4116e-05;
6.8295e-06;
9.3455e-07;
3.0749e-07;
2.604e-07;
8.684e-08;
7.6942e-08;
2.234e-08;
2.2319e-08;
8.4165e-09;
7.9155e-09;
2.2763e-09;
1.6942e-09;
5.6528e-10;
4.37e-10;
1.0282e-10;
5.0625;
2.5312;
2.3819;
0.017044;
0.014493;
0.00019445;
3.375;
1.6875;
1.352;
0.0048675;
0.0027331;
3.375;
1.6875;
0.81682;
0.0014398;
0.0009467;
0.00023511;
25.629;
12.937;
0.93943;
0.8167;
0.48407;
0.48392;
9.891e-05;
7.5937;
3.7969;
2.9655;
0.10013;
0.085989;
0.001724;
0.00024903;
7.5938;
3.7969;
2.9936;
0.099491;
0.085108;
0.0017336;
25.629;
12.814;
1.3083;
1.3083;
1.3083;
2.3391e-13;
25.629;
12.814;
4.4175;
4.4175;
9.5746e-11;
9.0742e-13;
25.629;
12.814;
2.5413;
2.5413;
2.5413;
2.3392e-13;
1.2023e-13;
11.391;
5.6953;
3.7214;
0.23662;
0.1975;
0.19069;
0.19069;
1.914e-06;
7.5938;
3.7969;
1.856;
0.0093745;
0.0052977;
0.0052937;
17.086;
8.543;
4.774;
0.34459;
0.32563;
0.00067508;
2.155e-05;
7.5937;
3.7969;
2.1217;
0.047115;
0.046825;
0.046545;
17.086;
8.543;
3.094;
3.094;
7.1712e-12;
11.391;
5.6953;
5.3044;
0.10432;
0.055931;
0.055254;
0.055252;
11.391;
5.6953;
4.0963;
0.27817;
0.22525;
0.21647;
0.21646;
7.5938;
3.7969;
0.79552;
0.79552;
3.6593e-13;
2.7464e-14;
1.7129e-14;
17.086;
8.543;
4.6976;
0.28631;
0.25786;
0.243;
0.243;
1.8157e-06;
11.391;
5.6953;
4.9524;
4.9524;
4.9524;
2.3393e-13;
7.4768e-14;
2.1714e-14;
2.0026e-14;
17.086;
8.543;
6.3617;
1.013;
0.954;
0.066019;
0.065652;
0.00023072;
1.5;
0.75;
0.047351;
4.7502e-14;
1.7314e-14;
1.5;
11.391;
5.6953;
3.3884;
0.16773;
0.14051;
0.13628;
4.6186e-06;
17.086;
8.543;
3.8826;
3.8826;
3.8826;
2.3433e-13;
6.3801e-14;
6.3321e-14;
2.5426e-14;
5.0625;
2.5312;
2.2119;
0.012069;
0.0064329;
0.0064228;
2.0998e-05;
38.443;
19.222;
8.2395;
8.2395;
8.2395;
2.3391e-13;
17.086;
8.543;
0.27458;
0.27458;
0.27458;
1.2145e-12;
2.3399e-13;
1.203e-13;
1.2023e-13;
5.0272e-14;
2.6035e-14;
1.2092e-14;
1.0044e-14;
7.0508e-15;
7.5938;
3.7969;
1.4568;
1.4568;
1.4568;
2.3413e-13;
8.2543e-14;
6.3596e-14;
6.3357e-14;
2.5461e-14;
9.2862e-15;
6.3256e-15;
11.391;
5.6953;
3.6049;
0.21576;
0.18089;
0.17493;
0.17493;
17.086;
8.543;
5.7847;
5.7847;
5.7847;
2.3435e-13;
3.5395e-14;
1.5;
17.086;
8.543;
6.4587;
6.4587;
5.7283e-13;
2.105e-13;
9.2136e-14;
4.3376e-14;
2.8445e-14;
2.9388e-15;
2.5598e-15;
38.443;
19.222;
10.262;
10.262;
10.262;
25.629;
12.814;
11.696;
2.7939;
2.2212;
0.35104;
0.34968;
0.0026894;
11.391;
5.6953;
2.9183;
0.025493;
0.013075;
0.013057;
25.629;
12.814;
1.7173;
1.3007;
0.52572;
0.52542;
0.00052187;
5.0625;
2.5312;
2.3822;
0.017027;
0.01448;
0.014285;
11.391;
5.6953;
3.4807;
0.18963;
0.15921;
0.15422;
5.7735e-06;
17.086;
8.543;
5.7755;
1.0583;
1.0406;
0.039017;
0.038782;
0.03861;
17.086;
8.543;
0.62053;
0.62053;
0.62053;
5.4656e-13;
1.2029e-13;
17.086;
8.543;
5.8614;
0.85193;
0.8252;
0.0516;
0.051409;
0.051265;
0.00031895;
17.086;
8.543;
8.1087;
8.1087;
8.1087;
8.1087;
8.1087;
5.172e-14;
4.3474e-14;
7.7223e-15;
7.5938;
3.7969;
1.9732;
1.9732;
1.9732;
1.9732;
7.0719e-14;
2.3111e-14;
1.1699e-14;
4.8377e-15;
17.086;
8.543;
5.0273;
5.0273;
5.0273;
2.3534e-13;
8.1533e-14;
3.1905e-14;
2.6919e-14;
38.443;
19.222;
8.6742;
8.6742;
7.3228e-10;
25.629;
12.814;
2.9332;
5.108e-10;
5.0937e-10;
2.3453e-13;
6.3999e-14;
6.3379e-14;
2.9737e-14;
1.2081e-14;
9.0984e-15;
1.5;
0.75;
0.67002;
0.0066624;
0.0064847;
0.0064739;
11.391;
5.7276;
5.6953;
0.01149;
0.0065778;
0.0064243;
0.00012355;
11.391;
5.6953;
4.0597;
0.31489;
0.28454;
0.01014;
0.010119;
11.391;
5.7355;
0.040327;
0.040164;
0.003569;
0.00040661;
17.086;
8.543;
6.9461;
0.95832;
0.78016;
0.067004;
0.066964;
0.066911;
11.391;
5.6953;
5.6397;
0.080882;
0.066805;
0.0046656;
7.5938;
3.7969;
2.4307;
0.12845;
0.12429;
0.0017539;
17.086;
8.543;
4.07;
4.07;
4.07;
2.5744e-13;
8.0008e-14;
7.8433e-14;
6.1595e-14;
2.6462e-14;
1.168e-14;
5.0625;
2.5312;
1.0504;
1.0504;
1.2695e-13;
4.4421e-14;
2.1465e-14;
9.8917e-15;
7.3099e-15;
3.375;
1.6875;
1.3369;
2.0957e-13;
2.0478e-13;
5.6373e-14;
3.0175e-14;
1.2701e-14;
6.6012e-15;
17.086;
8.543;
2.6906;
2.6906;
2.6906;
3.2427e-13;
1.3165e-13;
8.2382e-14;
8.2147e-14;
3.6898e-14;
1.0416e-14;
9.9645e-15;
7.2764e-15;
11.391;
5.6953;
2.6001;
2.6001;
9.3559e-13;
5.8927e-14;
3.839e-14;
3.4023e-14;
3.0805e-14;
1.6336e-14;
1.4357e-14;
4.2785e-15;
5.0625;
2.5312;
1.5011;
0.019252;
0.018793;
0.018687;
38.443;
19.222;
5.6501;
5.6501;
3.4282e-09;
5.0625;
2.5312;
0.87604;
0.87604;
0.87604;
3.5741e-14;
2.7327e-14;
1.9365e-14;
1.0796e-14;
11.391;
5.6953;
4.7682;
0.3122;
0.26036;
0.012034;
0.012008;
7.97e-06;
25.629;
12.886;
1.278;
1.206;
0.64883;
0.64866;
0.00029789;
25.629;
12.814;
12.263;
3.0504;
2.5854;
0.4276;
0.42105;
0.0064002;
3.375;
1.6875;
1.2087;
0.0096807;
0.0089235;
0.008895;
0.00015822;
17.086;
8.543;
0.84669;
0.84669;
0.84669;
2.3397e-13;
1.2028e-13;
1.2021e-13;
4.8875e-14;
2.6011e-14;
1.2067e-14;
1.0019e-14;
7.0508e-15;
3.375;
1.6875;
1.2668;
1.2668;
2.0471e-13;
6.1207e-14;
2.0462e-14;
1.4013e-14;
1.1446e-14;
7.2574e-15;
3.3463e-15;
3.375;
1.6875;
1.0732;
0.0055034;
0.0037215;
0.0037179;
1.3259e-05;
25.629;
13.008;
0.37115;
0.17728;
0.16248;
0.16244;
3.6377e-06;
17.086;
8.543;
5.5775;
0.73257;
0.72019;
0.043131;
0.04302;
9.697e-05;
38.443;
19.222;
9.6843;
9.6843;
9.6843;
11.391;
5.6953;
5.175;
0.23613;
0.18634;
0.0097135;
2.1786e-05;
38.443;
19.222;
6.3557;
6.3557;
2.6722e-09;
5.0625;
2.5312;
0.72164;
0.72164;
1.2711e-13;
1.0249e-13;
1.8053e-14;
17.086;
8.543;
5.7477;
5.7477;
5.7477;
1.4879e-13;
6.3383e-14;
25.629;
12.814;
10.331;
2.73;
2.5903;
0.35273;
0.3492;
0.0041714;
0.0041697;
0.0041653;
6.1266e-06;
2.25;
1.125;
0.90572;
0.90572;
2.4352e-13;
7.9309e-14;
7.8377e-14;
5.2501e-14;
1.8492e-14;
7.9994e-15;
1.5;
0.75;
0.45247;
0.0010793;
0.00085498;
6.942e-06;
17.086;
8.543;
7.2867;
0.89709;
0.68507;
0.059917;
0.059899;
0.059887;
0.059887;
7.8555e-05;
3.375;
1.6875;
0.14658;
0.14563;
0.14523;
11.391;
5.6953;
3.682;
0.25547;
0.23918;
0.0074009;
1.993e-05;
11.391;
5.6953;
4.7714;
0.24295;
0.17439;
0.16695;
0.16694;
0.16694;
7.5938;
3.7969;
3.546;
3.546;
4.7866e-14;
2.5149e-14;
1.5489e-14;
17.086;
8.543;
6.4896;
0.94302;
0.8095;
0.064442;
0.06437;
5.8512e-05;
1.5;
7.5938;
3.7969;
2.2598;
0.061431;
0.05883;
0.00076584;
11.391;
5.6953;
0.15429;
0.14674;
0.13863;
0.13863;
25.629;
12.814;
2.4309;
1.8759;
0.91137;
0.91108;
0.00087843;
6.2584e-05;
1.5;
0.75;
0.65903;
0.0044954;
5.5902e-05;
7.5937;
3.7969;
2.7403;
0.099358;
0.088026;
0.0015446;
7.5938;
3.7969;
3.4024;
3.4024;
4.888e-14;
4.0908e-14;
1.5697e-14;
7.5938;
3.7969;
2.8108;
2.8108;
1.1851e-13;
4.18e-14;
1.2059e-14;
7.5938;
3.7969;
2.9055;
0.10096;
0.087424;
0.0016932;
2.1476e-06;
25.629;
12.814;
11.76;
3.3047;
3.0998;
0.45507;
0.44525;
0.010035;
1.3676e-05;
1.5;
0.75;
0.58406;
4.3781e-14;
2.1639e-14;
2.0109e-14;
17.086;
8.543;
7.0269;
0.95019;
0.76373;
0.066188;
0.06616;
0.066111;
6.5942e-07;
2.25;
1.125;
0.89064;
0.003202;
0.0029691;
17.086;
8.543;
6.2647;
0.98734;
0.93537;
0.063327;
0.062995;
0.06278;
8.9376e-06;
3.375;
1.6875;
1.1831;
0.0061054;
0.0040293;
1.3837e-05;
38.443;
19.222;
9.1347;
9.1347;
5.3704e-10;
27;
13.5;
11.228;
3.1723;
3.014;
0.44774;
0.44224;
0.006959;
0.0069453;
1.3928e-05;
81;
40.5;
32.62;
32.59;
32.574;
32.574;
32.574;
32.574;
32.574;
32.574;
32.574;
32.574;
32.574;
4.7218e-14;
3.717e-14;
1.6507e-14;
81;
40.5;
30.601;
30.593;
30.587;
30.587;
30.587;
30.587;
30.587;
30.587;
30.587;
1.2827e-13;
5.4778e-14;
2.1414e-14;
81;
3;
1.5;
1.4508;
0.053002;
0.052564;
0.00025565;
81;
40.5;
29.586;
29.586;
29.586;
2.3391e-13;
27;
13.634;
1.3122;
1.178;
0.70155;
0.70121;
0.00012092;
81;
40.5;
27.563;
27.563;
27.563;
2.3391e-13;
27;
13.5;
12.382;
3.2127;
2.6164;
0.44498;
0.44262;
0.0046394;
0.0046314;
27;
13.5;
13.182;
3.2883;
2.6428;
0.46227;
0.4557;
0.0069734;
1.1323e-05;
27;
81;
27;
13.5;
12.671;
12.671;
12.671;
1.8168e-13;
1.0398e-13;
3.9019e-14;
3.8431e-14;
1.437e-14;
1.3528e-14;
81;
81;
9;
4.5;
3.5358;
3.5358;
1.2774e-13;
4.6835e-14;
2.1757e-14;
9.5765e-15;
4.0589e-15;
81;
40.5;
31.127;
31.115;
31.107;
31.107;
31.107;
31.107;
31.107;
31.107;
31.107;
9.8342e-14;
2.9666e-14;
81;
40.5;
40.164;
38.941;
38.89;
38.845;
38.842;
38.84;
38.84;
38.84;
38.84;
38.84;
38.84;
38.84;
38.84;
38.84;
38.84;
38.84;
38.84;
38.84;
38.84;
38.84;
38.84;
4.0734e-14;
2.6063e-14;
27;
13.5;
11.47;
11.47;
11.47;
2.3391e-13;
1.2022e-13;
9;
4.5;
3.3758;
0.13642;
0.10429;
0.10153;
5.2162e-06;
81;
27;
13.643;
1.234;
1.0913;
0.6621;
0.66179;
9.4927e-05;
81;
81;
81;
40.5;
23.552;
23.552;
23.552;
23.552;
23.552;
2.0799e-13;
7.6296e-14;
3.6196e-14;
1.749e-14;
7.8771e-15;
27;
13.5;
4.8051;
4.8051;
4.8051;
2.3392e-13;
81;
40.5;
29.641;
29.637;
29.633;
29.633;
29.633;
29.633;
29.633;
29.633;
29.633;
2.3184e-13;
7.303e-14;
1.9588e-14;
1.0565e-14;
1.0257e-14;
81;
40.5;
40.296;
39.105;
39.057;
39.011;
39.008;
39.006;
39.005;
39.005;
39.005;
39.005;
39.005;
39.005;
39.005;
39.005;
39.005;
39.005;
39.005;
39.005;
39.005;
39.005;
39.005;
5.6216e-14;
3.6454e-14;
1.7517e-14;
9.8818e-15;
81;
81;
40.5;
9;
4.5;
3.8722;
0.1418;
0.11624;
0.0037332;
81;
9;
4.5;
3.817;
0.14745;
0.12174;
0.0038204;
0.0038194;
27;
13.5;
12.567;
3.0618;
2.3033;
0.37024;
0.36953;
0.003045;
27;
13.5;
13.258;
3.1348;
2.3978;
0.40455;
0.39941;
0.0052356;
3.8022e-05;
3;
81;
27;
13.5;
1.4699;
1.1152;
0.37395;
0.37392;
0.37328;
27;
13.5;
13.384;
2.7729;
1.8758;
0.26026;
0.25728;
0.25488;
4.8962e-06;
81;
40.5;
15.784;
15.784;
15.784;
81;
81;
40.5;
22.227;
22.227;
22.226;
22.226;
4.7503e-11;
3.6259e-13;
1.0591e-13;
6.3279e-14;
27;
13.5;
13.484;
2.3419;
1.3535;
0.10397;
0.10227;
0.10163;
27;
13.5;
12.021;
4.9518;
4.7384;
0.064829;
0.042343;
0.040875;
7.4316e-06;
27;
27;
13.5;
4.8161;
4.8161;
4.8161;
2.3391e-13;
27;
27;
13.5;
13.117;
13.117;
13.117;
2.2362e-14;
1.9195e-14;
1.0966e-14;
27;
13.5;
3.0021;
3.0021;
3.4717e-10;
27;
13.5;
1.252;
0.91945;
0.2807;
0.28064;
0.28022;
81;
3;
81;
27;
13.5;
12.964;
3.5671;
3.1339;
0.54566;
0.53535;
0.011216;
0.01121;
3;
27;
13.5;
11.363;
3.5356;
3.4728;
0.35355;
0.34225;
0.33137;
1.995e-06;
27;
13.5;
11.556;
11.556;
11.556;
2.3393e-13;
27;
13.5;
0.77023;
0.77023;
4.2554e-10;
81;
40.5;
26.609;
26.609;
26.609;
2.3391e-13;
3;
1.5;
0.29915;
5.7508e-14;
3.0288e-14;
1.9072e-14;
9.4087e-15;
27;
13.5;
2.7865;
1.2633e-08;
1.2787e-12;
3;
1.5;
1.3643;
0.042578;
0.041963;
0.041783;
9;
4.5;
3.1851;
0.1593;
0.14251;
0.0033222;
4.0641e-05;
27;
13.5;
11.789;
3.3162;
3.0208;
0.48748;
0.48203;
0.0072088;
0.0071927;
1.3262e-05;
9;
4.5;
4.2651;
0.081604;
0.065131;
0.0025237;
27;
13.5;
3.3877;
3.3877;
3.3877;
2.3391e-13;
81;
40.5;
22.946;
22.946;
22.946;
22.946;
1.5726e-10;
2.029e-13;
7.0873e-14;
4.3805e-14;
2.215e-14;
2.0765e-14;
9.5767e-15;
27;
81;
40.5;
20.333;
20.333;
20.333;
20.333;
1.5963e-12;
1.7872e-13;
6.2483e-14;
6.0423e-14;
2.7723e-14;
1.8172e-14;
9.6742e-15;
8.3447e-15;
81;
40.5;
27;
13.5;
11.221;
3.1698;
3.0126;
0.44713;
0.44164;
0.0069468;
0.0069331;
1.6825e-05;
27;
27;
13.5;
8.4225;
8.4225;
8.4225;
2.3401e-13;
81;
40.5;
16.247;
16.247;
1.4164e-08;
2.3388e-13;
3;
27;
13.5;
10.305;
2.7133;
2.6627;
0.36148;
0.35805;
0.004551;
2.5319e-05;
81;
40.5;
15.911;
15.911;
3.93e-09;
1.1455e-11;
9;
4.5;
3.9542;
0.08597;
0.054763;
0.053512;
9.2661e-06;
81;
40.5;
17.985;
17.985;
17.985;
17.985;
17.985;
5.5115e-14;
3.9001e-14;
2.149e-14;
7.4794e-15;
81;
40.5;
24.891;
24.891;
24.891;
24.891;
24.891;
24.891;
24.891;
3.4832e-14;
2.2554e-14;
1.4802e-14;
27;
13.5;
11.781;
3.3154;
3.0224;
0.48719;
0.48173;
0.0072181;
0.007202;
0.0072;
1.5281e-05;
81;
40.5;
25.653;
25.653;
25.653;
25.653;
25.653;
25.653;
25.653;
5.3401e-14;
1.7634e-14;
9;
4.5;
3.1244;
0.13252;
0.10512;
0.10256;
3.7157e-06;
81;
40.5;
32.087;
32.066;
32.053;
32.053;
32.053;
32.053;
32.053;
32.053;
32.053;
32.053;
32.053;
7.8618e-15;
81;
81;
27;
13.5;
12.843;
3.655;
3.3099;
0.55985;
0.54797;
0.012913;
0.012905;
1.9745e-05;
81;
40.5;
28.161;
28.161;
2.1308e-09;
27;
13.5;
11.958;
3.7;
3.6763;
0.48393;
0.47109;
0.015233;
1.2493e-05;
27;
13.5;
12.286;
3.2604;
2.7316;
0.46633;
0.46321;
0.0053251;
0.0053149;
0.0053109;
27;
13.5;
12.573;
3.7517;
3.5499;
0.5539;
0.54008;
0.015129;
0.015121;
7.2171e-06;
81;
27;
9;
4.5;
1.5721;
1.5721;
1.5721;
3.4613e-13;
7.8044e-14;
7.7765e-14;
3.2803e-14;
1.7286e-14;
27;
13.5;
0.96607;
0.65998;
0.1669;
0.1668;
0.0001865;
9;
4.5;
3.1426;
0.15656;
0.14078;
0.0032113;
4.6412e-05;
81;
40.5;
9;
4.5;
3.315;
0.16491;
0.14524;
0.0036154;
81;
40.5;
20.569;
20.569;
20.569;
20.569;
2.4914e-12;
1.6398e-13;
81;
91.125;
45.562;
26.644;
26.644;
26.643;
26.643;
26.643;
26.643;
3.1413e-12;
2.3362e-13;
6.309e-14;
91.125;
91.125;
45.562;
34.564;
34.493;
34.44;
34.44;
34.439;
34.439;
34.439;
34.439;
34.439;
34.439;
34.439;
34.439;
34.439;
4.7724e-14;
2.6498e-14;
1.2014e-14;
20.25;
10.125;
6.4428;
0.97914;
0.9547;
0.04983;
0.049584;
0.00018262;
91.125;
20.25;
10.125;
7.1534;
7.1534;
5.7816e-13;
2.2134e-13;
91.125;
45.562;
33.641;
31.871;
31.857;
31.854;
31.854;
31.854;
31.854;
31.854;
31.854;
31.854;
31.854;
1.1474e-13;
4.3102e-14;
2.2326e-14;
2.0513e-14;
20.25;
10.125;
9.2618;
1.6153;
1.3421;
0.16175;
0.16033;
0.15946;
1.026e-05;
4.5;
2.25;
0.75798;
0.75798;
0.75798;
8.1925e-14;
4.1402e-14;
1.8553e-14;
20.25;
10.125;
8.1023;
1.5564;
1.363;
0.14463;
0.14411;
0.0004523;
91.125;
45.562;
33.574;
33.574;
1.5118e-09;
91.125;
45.562;
42.717;
40.3;
40.096;
39.975;
39.959;
39.952;
39.951;
39.95;
39.95;
39.95;
39.95;
39.95;
39.95;
39.95;
39.95;
39.95;
39.95;
39.95;
39.95;
39.95;
39.95;
39.95;
39.95;
9.2389e-14;
8.3343e-14;
6.8102e-14;
1.5547e-14;
1.1448e-14;
7.6268e-15;
91.125;
91.125;
45.562;
26.066;
26.065;
26.065;
26.065;
26.065;
26.065;
9.267e-13;
1.5847e-13;
9.7836e-14;
5.2361e-14;
91.125;
45.562;
8.6615;
0.39862;
0.1372;
8.0442e-14;
6.4936e-14;
1.7459e-14;
91.125;
45.562;
28.461;
28.46;
28.458;
28.458;
28.458;
28.458;
28.458;
28.458;
6.0582e-14;
2.722e-14;
2.1545e-14;
1.9024e-14;
9.0433e-15;
6.4926e-15;
2.8015e-15;
4.5;
4.5;
2.25;
1.2342;
0.0065021;
0.0041725;
0.0041702;
0.0041675;
0.0041608;
20.25;
10.125;
9.4055;
1.5217;
1.2213;
0.14885;
0.14768;
0.147;
91.125;
45.562;
28.292;
28.291;
28.289;
28.289;
28.289;
28.289;
28.289;
5.871e-14;
2.6557e-14;
1.3188e-14;
91.125;
45.562;
32.935;
32.907;
32.88;
32.88;
32.88;
32.88;
32.88;
32.88;
32.88;
32.88;
32.88;
5.8998e-14;
2.8868e-14;
6.8501e-15;
91.125;
91.125;
4.5;
2.25;
1.853;
0.10628;
0.10198;
0.10082;
91.125;
45.562;
26.945;
26.945;
26.944;
26.944;
26.944;
26.944;
5.853e-12;
2.1837e-13;
5.4942e-14;
5.314e-14;
1.7535e-14;
8.5702e-15;
91.125;
45.562;
11.961;
0.75577;
0.04878;
1.0926e-13;
4.985e-14;
2.7113e-14;
2.2664e-14;
5.2973e-15;
5.185e-15;
91.125;
91.125;
45.562;
32.073;
32.073;
32.073;
2.3391e-13;
20.25;
10.125;
8.9618;
1.7348;
1.5217;
0.17354;
0.17176;
0.17057;
91.125;
45.562;
34.839;
34.839;
5.5289e-10;
91.125;
91.125;
91.125;
91.125;
45.562;
45.468;
41.385;
41.191;
40.952;
40.926;
40.909;
40.906;
40.905;
40.905;
40.905;
40.905;
40.905;
40.905;
40.905;
40.905;
40.905;
40.905;
40.905;
40.905;
40.905;
40.905;
40.905;
40.905;
40.905;
40.905;
40.905;
6.3126e-14;
1.6996e-14;
1.348e-14;
1.2866e-14;
410.06;
205.03;
136.15;
133.08;
128.58;
128.58;
8.0919e-12;
2.8586e-13;
91.125;
20.25;
10.125;
1.1893;
0.70423;
0.34097;
0.34094;
0.34082;
20.25;
10.125;
10.027;
6.2338e-10;
8.4168e-14;
2.5376e-14;
1.2498e-14;
3.8756e-15;
2.3967e-15;
91.125;
45.562;
18.031;
18.031;
2.7561e-07;
2.5314e-14;
1.7841e-14;
1.0576e-14;
5.4701e-15;
91.125;
45.562;
34.225;
34.166;
34.12;
34.119;
34.119;
34.119;
34.119;
34.119;
34.119;
34.119;
34.119;
34.119;
34.119;
6.8886e-14;
3.513e-14;
2.3426e-14;
2.1562e-14;
9.1962e-15;
20.25;
10.125;
3.8513;
3.8513;
3.8513;
4.4146e-13;
1.6293e-13;
1.6283e-13;
6.0366e-14;
2.7185e-14;
1.206e-14;
9.0984e-15;
91.125;
45.562;
35.294;
35.294;
35.294;
2.3391e-13;
410.06;
205.03;
161.69;
143.19;
12.972;
0.051718;
0.051718;
0.051718;
2.3394e-13;
20.25;
10.125;
8.0165;
2.4384;
2.3667;
0.069669;
0.066974;
0.06569;
410.06;
205.03;
132.42;
130.79;
128.01;
128.01;
128.01;
2.339e-13;
410.06;
205.03;
149.03;
139.15;
9.4442;
4.4781e-06;
4.4775e-06;
2.3423e-13;
8.2646e-14;
91.125;
45.562;
16.474;
16.474;
2.2878e-08;
5.0695e-13;
4.9092e-14;
4.8973e-14;
2.3308e-14;
9.8929e-15;
20.25;
20.25;
20.25;
10.125;
9.145;
9.145;
9.145;
2.3391e-13;
6.3381e-14;
6.2708e-14;
2.1728e-14;
9.7852e-15;
7.9092e-15;
20.25;
10.125;
9.8463;
9.8463;
3.791e-14;
1.6202e-14;
1.0955e-14;
410.06;
205.03;
147.92;
138.72;
9.0805;
1.4017e-06;
1.4013e-06;
2.3399e-13;
1.7714e-13;
1.7707e-13;
6.2712e-14;
3.0222e-14;
1.1951e-14;
20.25;
10.125;
9.4082;
1.5197;
1.2188;
0.14856;
0.1474;
0.14672;
2.7362e-05;
91.125;
45.562;
30.325;
30.32;
30.313;
30.313;
30.313;
30.313;
30.313;
30.313;
30.313;
1.1209e-13;
3.2686e-14;
2.4907e-14;
1.3475e-14;
1.1205e-14;
9.4005e-15;
6.1406e-15;
3.4057e-15;
91.125;
45.562;
36.968;
36.968;
36.968;
2.3392e-13;
91.125;
45.562;
18.707;
18.707;
18.707;
18.707;
6.3873e-14;
3.3386e-14;
1.8474e-14;
1.1993e-14;
20.25;
20.25;
10.125;
9.757;
4.0061;
3.956;
0.14896;
0.1407;
0.0055688;
0.0055671;
7.4703e-05;
20.25;
10.125;
9.0416;
1.385;
1.0178;
0.1118;
0.11178;
0.00014721;
91.125;
20.25;
10.125;
9.2009;
1.2685;
0.8733;
0.087772;
0.00013214;
20.25;
10.125;
9.1728;
1.2918;
0.90094;
0.092552;
0.00011448;
91.125;
45.562;
36.148;
36.148;
36.148;
2.3392e-13;
20.25;
10.125;
1.318;
1.318;
5.124e-11;
20.25;
10.125;
10.11;
0.51638;
0.33182;
0.032209;
0.032133;
0.032113;
91.125;
20.25;
10.125;
8.9469;
1.7385;
1.5283;
0.17371;
0.17191;
0.17071;
91.125;
45.562;
27.788;
27.787;
27.786;
27.786;
27.786;
27.786;
27.786;
1.2386e-13;
4.656e-14;
2.1728e-14;
1.5581e-14;
91.125;
45.562;
12.225;
0.57278;
0.040994;
0.040994;
9.4509e-15;
7.1131e-15;
91.125;
45.562;
31.88;
31.88;
4.4095e-09;
20.25;
10.125;
9.3677;
1.5491;
1.2555;
0.15278;
0.15155;
0.15081;
20.25;
10.125;
0.44624;
0.44624;
0.44624;
2.3394e-13;
91.125;
45.562;
43.961;
40.807;
40.605;
40.434;
40.414;
40.403;
40.401;
40.401;
40.4;
40.4;
40.4;
40.4;
40.4;
40.4;
40.4;
40.4;
40.4;
40.4;
40.4;
40.4;
40.4;
40.4;
40.4;
40.4;
40.4;
1.0943e-13;
1.0129e-13;
4.7568e-14;
4.1599e-14;
2.7388e-14;
1.6991e-14;
1.0308e-14;
91.125;
45.562;
40.221;
39.531;
39.324;
39.288;
39.278;
39.276;
39.276;
39.276;
39.276;
39.276;
39.276;
39.276;
39.276;
39.276;
39.276;
39.276;
39.276;
39.276;
39.276;
39.276;
39.276;
39.276;
7.9194e-14;
3.4451e-14;
2.2631e-14;
91.125;
45.562;
23.829;
23.829;
23.829;
23.829;
23.829;
2.0584e-13;
7.6819e-14;
3.5847e-14;
1.8368e-14;
1.2535e-14;
410.06;
205.03;
127.52;
127.3;
126.85;
126.85;
8.9335e-14;
3.9738e-14;
2.7776e-14;
1.179e-14;
6.288e-15;
91.125;
45.562;
27.841;
27.841;
27.839;
27.839;
27.839;
27.839;
27.839;
8.3841e-14;
3.4681e-14;
2.7463e-14;
1.7876e-14;
20.25;
10.125;
5.0448;
0.045967;
0.04174;
0.0027253;
0.00057714;
91.125;
91.125;
45.562;
36.191;
36.033;
35.94;
35.937;
35.936;
35.936;
35.936;
35.936;
35.936;
35.936;
35.936;
35.936;
35.936;
35.936;
35.936;
5.3758e-14;
2.0358e-14;
1.3384e-14;
8.441e-15;
6.1093e-15;
91.125;
45.562;
31.095;
31.086;
31.076;
31.076;
31.076;
31.076;
31.076;
31.076;
31.076;
31.076;
31.076;
1.2966e-13;
4.5866e-14;
1.7444e-14;
9.6927e-15;
7.2123e-15;
91.125;
45.562;
31.472;
31.472;
5.2237e-09;
20.25;
10.125;
9.5387;
1.4087;
1.0879;
0.13185;
0.13093;
0.13043;
2.3695e-05;
91.125;
45.562;
38.433;
38.231;
38.062;
38.051;
38.046;
38.046;
38.046;
38.046;
38.046;
38.046;
38.046;
38.046;
38.046;
38.046;
38.046;
38.046;
38.046;
38.046;
38.046;
38.046;
38.046;
1.5165e-14;
7.4719e-15;
91.125;
45.562;
38.677;
38.25;
38.082;
38.066;
38.06;
38.06;
38.06;
38.06;
38.06;
38.06;
38.06;
38.06;
38.06;
38.06;
38.06;
38.06;
38.06;
38.06;
38.06;
38.06;
9.4712e-14;
8.6432e-14;
3.2622e-14;
2.131e-14;
1.674e-14;
1.1206e-14;
7.2954e-15;
91.125;
45.562;
17.547;
17.547;
1.4287e-07;
2.312e-13;
7.5288e-14;
2.9813e-14;
2.2018e-14;
1.5488e-14;
1.166e-14;
20.25;
10.125;
1.0961;
0.64365;
0.30208;
0.30204;
0.30195;
5.0779e-05;
91.125;
20.25;
10.125;
1.0203;
0.59357;
0.27091;
0.27087;
7.5398e-05;
91.125;
91.125;
20.25;
10.125;
2.7361;
2.7361;
2.7361;
2.3391e-13;
4.5;
91.125;
45.562;
28.242;
28.241;
28.239;
28.239;
28.239;
28.239;
28.239;
6.3859e-14;
2.0093e-14;
1.2326e-14;
4.5;
20.25;
91.125;
45.562;
31.027;
31.027;
31.027;
2.3391e-13;
91.125;
45.562;
32.168;
32.151;
32.133;
32.133;
32.133;
32.133;
32.133;
32.133;
32.133;
32.133;
2.9721e-13;
9.254e-14;
2.8625e-14;
2.6878e-14;
1.4911e-14;
1.0784e-14;
91.125;
45.563;
37.447;
37.447;
5.1195e-11;
4.5;
2.25;
1.7316;
0.014421;
0.0096003;
5.7734e-05;
200;
100;
100;
100;
2.3348e-13;
6.2949e-14;
6.1789e-14;
2.3381e-14;
1.8321e-14;
9.586e-15;
0.0099;
0.0055709;
0.00495;
0.0039015;
0.0033453;
0.0027745;
0.0023746;
0.002021;
0.0017445;
0.00151;
0.0013182;
0.0011565;
0.00013774;
0.00013511;
5.6499e-05;
1.773e-05;
1.4116e-05;
6.8295e-06;
9.3455e-07;
3.0749e-07;
2.604e-07;
8.684e-08;
7.6942e-08;
2.234e-08;
2.2319e-08;
8.4165e-09;
7.9155e-09;
2.2763e-09;
1.6942e-09;
5.6528e-10;
4.37e-10;
1.0282e-10;
