0.0099;
0.0061185;
0.0037815;
0.0023371;
0.0014444;
0.00089268;
0.00055171;
0.00034097;
0.00021073;
0.00013024;
8.0493e-05;
4.9747e-05;
3.0746e-05;
1.9002e-05;
1.1744e-05;
7.2581e-06;
4.4857e-06;
2.7723e-06;
1.7134e-06;
1.0589e-06;
6.5446e-07;
4.0448e-07;
2.4998e-07;
1.545e-07;
9.5484e-08;
5.9013e-08;
3.6472e-08;
2.2541e-08;
1.3931e-08;
8.6098e-09;
5.3212e-09;
3.2887e-09;
2.0325e-09;
1.2562e-09;
7.7635e-10;
4.7981e-10;
2.9654e-10;
1.8327e-10;
1.1327e-10;
7.0003e-11;
4.3264e-11;
2.6739e-11;
1.6525e-11;
1.0213e-11;
6.3122e-12;
3.9011e-12;
2.411e-12;
1.4901e-12;
9.2093e-13;
5.6917e-13;
3.5177e-13;
2.174e-13;
1.3436e-13;
8.3041e-14;
5.1322e-14;
3.1719e-14;
1.9603e-14;
1.2116e-14;
7.4879e-15;
4.6278e-15;
2.8601e-15;
1.7677e-15;
1.0924e-15;
6.7524e-16;
4.1742e-16;
2.5782e-16;
1.5916e-16;
9.8446e-17;
6.0932e-17;
3.7947e-17;
2.3419e-17;
1.4528e-17;
8.6736e-18;
5.421e-18;
3.0358e-18;
1.9516e-18;
1.5179e-18;
8.6736e-19;
4.3368e-19;
2.1684e-19;
4.3368e-19;
2.1684e-19;
2.1684e-19;
2.1684e-19;
2.1684e-19;
17.086;
10.56;
6.5262;
4.0334;
2.4928;
1.5406;
0.95217;
0.58847;
0.3637;
0.22478;
0.13892;
0.085857;
0.053062;
0.032794;
0.020268;
0.012526;
0.0077417;
0.0047846;
0.0029571;
0.0018276;
0.0011295;
0.00069807;
0.00043143;
0.00026664;
0.00016479;
0.00010185;
6.2945e-05;
3.8902e-05;
2.4043e-05;
1.4859e-05;
9.1835e-06;
5.6757e-06;
3.5078e-06;
2.1679e-06;
1.3399e-06;
8.2808e-07;
5.1178e-07;
3.163e-07;
1.9548e-07;
1.2081e-07;
7.4668e-08;
4.6147e-08;
2.8521e-08;
1.7627e-08;
1.0894e-08;
6.7328e-09;
4.1611e-09;
2.5717e-09;
1.5894e-09;
9.823e-10;
6.0709e-10;
3.7521e-10;
2.3189e-10;
1.4332e-10;
8.8576e-11;
5.474e-11;
3.3829e-11;
2.0904e-11;
1.2918e-11;
7.9865e-12;
4.9383e-12;
3.0624e-12;
1.89e-12;
1.1653e-12;
7.1765e-13;
4.4054e-13;
2.7001e-13;
1.6342e-13;
9.9476e-14;
6.3949e-14;
4.2633e-14;
2.8422e-14;
1.4211e-14;
7.1054e-15;
7.1054e-15;
7.1054e-15;
7.1054e-15;
7.1054e-15;
7.1054e-15;
7.1054e-15;
7.1054e-15;
7.1054e-15;
7.1054e-15;
7.1054e-15;
7.1054e-15;
7.1054e-15;
7.1054e-15;
7.1054e-15;
7.1054e-15;
7.1054e-15;
7.1054e-15;
7.1054e-15;
7.1054e-15;
7.1054e-15;
7.1054e-15;
7.1054e-15;
7.1054e-15;
7.1054e-15;
7.1054e-15;
7.1054e-15;
7.1054e-15;
1.5;
0.92705;
0.57295;
0.3541;
0.21885;
0.13525;
0.083592;
0.051663;
0.031929;
0.019733;
0.012196;
0.0075375;
0.0046584;
0.0028791;
0.0017794;
0.0010997;
0.00067966;
0.00042005;
0.00025961;
0.00016044;
9.916e-05;
6.1285e-05;
3.7876e-05;
2.3409e-05;
1.4467e-05;
8.9413e-06;
5.526e-06;
3.4153e-06;
2.1108e-06;
1.3045e-06;
8.0624e-07;
4.9828e-07;
3.0795e-07;
1.9033e-07;
1.1763e-07;
7.2698e-08;
4.493e-08;
2.7768e-08;
1.7162e-08;
1.0607e-08;
6.5552e-09;
4.0513e-09;
2.5039e-09;
1.5475e-09;
9.5639e-10;
5.9108e-10;
3.653e-10;
2.2577e-10;
1.3953e-10;
8.6231e-11;
5.3291e-11;
3.2934e-11;
2.0357e-11;
1.2584e-11;
7.7804e-12;
4.8104e-12;
2.9701e-12;
1.8332e-12;
1.1298e-12;
6.9633e-13;
4.3343e-13;
2.7001e-13;
1.6342e-13;
9.2371e-14;
5.6843e-14;
3.5527e-14;
2.1316e-14;
2.1316e-14;
2.1316e-14;
2.1316e-14;
2.1316e-14;
2.1316e-14;
2.1316e-14;
2.1316e-14;
2.1316e-14;
2.1316e-14;
2.1316e-14;
2.1316e-14;
2.1316e-14;
2.1316e-14;
2.1316e-14;
2.1316e-14;
2.1316e-14;
2.1316e-14;
2.1316e-14;
2.1316e-14;
2.1316e-14;
2.1316e-14;
2.1316e-14;
2.1316e-14;
2.1316e-14;
2.1316e-14;
2.1316e-14;
2.1316e-14;
2.1316e-14;
2.1316e-14;
11.391;
7.0398;
4.3508;
2.689;
1.6619;
1.0271;
0.63478;
0.39231;
0.24246;
0.14985;
0.092613;
0.057238;
0.035375;
0.021863;
0.013512;
0.0083509;
0.0051611;
0.0031898;
0.0019714;
0.0012184;
0.000753;
0.00046538;
0.00028762;
0.00017776;
0.00010986;
6.7898e-05;
4.1963e-05;
2.5935e-05;
1.6029e-05;
9.9062e-06;
6.1224e-06;
3.7838e-06;
2.3385e-06;
1.4453e-06;
8.9324e-07;
5.5205e-07;
3.4119e-07;
2.1087e-07;
1.3032e-07;
8.0543e-08;
4.9779e-08;
3.0765e-08;
1.9014e-08;
1.1751e-08;
7.2626e-09;
4.4885e-09;
2.7741e-09;
1.7145e-09;
1.0596e-09;
6.5487e-10;
4.0473e-10;
2.5014e-10;
1.5459e-10;
9.5547e-11;
5.906e-11;
3.6501e-11;
2.256e-11;
1.3941e-11;
8.6189e-12;
5.3291e-12;
3.2969e-12;
2.0393e-12;
1.2577e-12;
7.7449e-13;
4.8317e-13;
2.9843e-13;
1.8474e-13;
1.1369e-13;
7.1054e-14;
4.2633e-14;
2.8422e-14;
1.4211e-14;
7.1054e-15;
7.1054e-15;
7.1054e-15;
7.1054e-15;
7.1054e-15;
7.1054e-15;
7.1054e-15;
7.1054e-15;
7.1054e-15;
7.1054e-15;
7.1054e-15;
7.1054e-15;
7.1054e-15;
7.1054e-15;
7.1054e-15;
7.1054e-15;
7.1054e-15;
7.1054e-15;
7.1054e-15;
7.1054e-15;
7.1054e-15;
7.1054e-15;
7.1054e-15;
7.1054e-15;
7.1054e-15;
7.1054e-15;
7.1054e-15;
7.1054e-15;
38.443;
23.759;
14.684;
9.0752;
5.6088;
3.4664;
2.1424;
1.3241;
0.81831;
0.50575;
0.31257;
0.19318;
0.11939;
0.073787;
0.045603;
0.028184;
0.017419;
0.010765;
0.0066534;
0.004112;
0.0025414;
0.0015707;
0.00097072;
0.00059994;
0.00037078;
0.00022916;
0.00014163;
8.753e-05;
5.4096e-05;
3.3433e-05;
2.0663e-05;
1.277e-05;
7.8925e-06;
4.8779e-06;
3.0147e-06;
1.8632e-06;
1.1515e-06;
7.1167e-07;
4.3984e-07;
2.7183e-07;
1.68e-07;
1.0383e-07;
6.4171e-08;
3.966e-08;
2.4511e-08;
1.5149e-08;
9.3625e-09;
5.7863e-09;
3.5761e-09;
2.2102e-09;
1.366e-09;
8.4421e-10;
5.2175e-10;
3.2246e-10;
1.9929e-10;
1.2317e-10;
7.6123e-11;
4.7046e-11;
2.9076e-11;
1.797e-11;
1.1106e-11;
6.864e-12;
4.2422e-12;
2.6218e-12;
1.6204e-12;
1.0014e-12;
6.1892e-13;
3.8252e-13;
2.3641e-13;
1.4611e-13;
9.03e-14;
5.5808e-14;
3.4491e-14;
2.1317e-14;
1.3175e-14;
8.1423e-15;
5.0322e-15;
3.1101e-15;
1.9221e-15;
1.1879e-15;
7.3419e-16;
4.5376e-16;
2.8044e-16;
1.7332e-16;
1.0712e-16;
6.6202e-17;
4.0915e-17;
2.5287e-17;
1.5628e-17;
9.6588e-18;
5.9694e-18;
3.6893e-18;
2.2801e-18;
1.4092e-18;
8.7095e-19;
5.3823e-19;
3.3272e-19;
2.0551e-19;
1.2722e-19;
7.8288e-20;
4.893e-20;
2.9358e-20;
17.086;
10.56;
6.5262;
4.0334;
2.4928;
1.5406;
0.95217;
0.58847;
0.3637;
0.22478;
0.13892;
0.085857;
0.053062;
0.032794;
0.020268;
0.012526;
0.0077417;
0.0047846;
0.0029571;
0.0018276;
0.0011295;
0.00069807;
0.00043143;
0.00026664;
0.00016479;
0.00010185;
6.2945e-05;
3.8902e-05;
2.4043e-05;
1.4859e-05;
9.1835e-06;
5.6757e-06;
3.5078e-06;
2.1679e-06;
1.3399e-06;
8.2808e-07;
5.1178e-07;
3.163e-07;
1.9548e-07;
1.2081e-07;
7.4668e-08;
4.6147e-08;
2.8521e-08;
1.7627e-08;
1.0894e-08;
6.7328e-09;
4.1611e-09;
2.5717e-09;
1.5894e-09;
9.823e-10;
6.0709e-10;
3.752e-10;
2.3189e-10;
1.4332e-10;
8.8576e-11;
5.474e-11;
3.3829e-11;
2.0904e-11;
1.2918e-11;
7.9865e-12;
4.9383e-12;
3.0553e-12;
1.89e-12;
1.1653e-12;
7.1765e-13;
4.3343e-13;
2.629e-13;
1.6342e-13;
1.0658e-13;
6.3949e-14;
3.5527e-14;
2.1316e-14;
2.1316e-14;
2.1316e-14;
2.1316e-14;
2.1316e-14;
2.1316e-14;
2.1316e-14;
2.1316e-14;
2.1316e-14;
2.1316e-14;
2.1316e-14;
2.1316e-14;
2.1316e-14;
2.1316e-14;
2.1316e-14;
2.1316e-14;
2.1316e-14;
2.1316e-14;
2.1316e-14;
2.1316e-14;
2.1316e-14;
2.1316e-14;
2.1316e-14;
2.1316e-14;
2.1316e-14;
2.1316e-14;
2.1316e-14;
2.1316e-14;
2.1316e-14;
2.1316e-14;
1.5;
0.92705;
0.57295;
0.3541;
0.21885;
0.13525;
0.083592;
0.051663;
0.031929;
0.019733;
0.012196;
0.0075375;
0.0046584;
0.0028791;
0.0017794;
0.0010997;
0.00067966;
0.00042005;
0.00025961;
0.00016044;
9.916e-05;
6.1285e-05;
3.7876e-05;
2.3409e-05;
1.4467e-05;
8.9413e-06;
5.526e-06;
3.4153e-06;
2.1108e-06;
1.3045e-06;
8.0624e-07;
4.9828e-07;
3.0795e-07;
1.9033e-07;
1.1763e-07;
7.2698e-08;
4.493e-08;
2.7768e-08;
1.7162e-08;
1.0607e-08;
6.5552e-09;
4.0513e-09;
2.5039e-09;
1.5475e-09;
9.564e-10;
5.9108e-10;
3.6531e-10;
2.2577e-10;
1.3953e-10;
8.6224e-11;
5.3298e-11;
3.2934e-11;
2.0364e-11;
1.2584e-11;
7.7875e-12;
4.8104e-12;
2.963e-12;
1.8261e-12;
1.1227e-12;
6.9633e-13;
4.3343e-13;
2.629e-13;
1.5632e-13;
9.9476e-14;
6.3949e-14;
4.2633e-14;
2.8422e-14;
1.4211e-14;
7.1054e-15;
7.1054e-15;
7.1054e-15;
7.1054e-15;
7.1054e-15;
7.1054e-15;
7.1054e-15;
7.1054e-15;
7.1054e-15;
7.1054e-15;
7.1054e-15;
7.1054e-15;
7.1054e-15;
7.1054e-15;
7.1054e-15;
7.1054e-15;
7.1054e-15;
7.1054e-15;
7.1054e-15;
7.1054e-15;
7.1054e-15;
7.1054e-15;
7.1054e-15;
7.1054e-15;
7.1054e-15;
7.1054e-15;
7.1054e-15;
7.1054e-15;
17.086;
10.56;
6.5262;
4.0334;
2.4928;
1.5406;
0.95217;
0.58847;
0.3637;
0.22478;
0.13892;
0.085857;
0.053062;
0.032794;
0.020268;
0.012526;
0.0077417;
0.0047846;
0.0029571;
0.0018276;
0.0011295;
0.00069807;
0.00043143;
0.00026664;
0.00016479;
0.00010185;
6.2945e-05;
3.8902e-05;
2.4043e-05;
1.4859e-05;
9.1835e-06;
5.6757e-06;
3.5078e-06;
2.1679e-06;
1.3399e-06;
8.2808e-07;
5.1178e-07;
3.163e-07;
1.9548e-07;
1.2081e-07;
7.4668e-08;
4.6147e-08;
2.8521e-08;
1.7627e-08;
1.0894e-08;
6.7328e-09;
4.1611e-09;
2.5717e-09;
1.5894e-09;
9.823e-10;
6.071e-10;
3.7521e-10;
2.3189e-10;
1.4332e-10;
8.8574e-11;
5.4742e-11;
3.3832e-11;
2.0909e-11;
1.2923e-11;
7.9867e-12;
4.9361e-12;
3.0507e-12;
1.8854e-12;
1.1652e-12;
7.2016e-13;
4.4508e-13;
2.7508e-13;
1.7001e-13;
1.0507e-13;
6.4937e-14;
4.0133e-14;
2.4804e-14;
1.533e-14;
9.4742e-15;
5.8554e-15;
3.6188e-15;
2.2365e-15;
1.3823e-15;
8.5429e-16;
5.2798e-16;
3.2631e-16;
2.0167e-16;
1.2464e-16;
7.7031e-17;
4.7608e-17;
2.9423e-17;
1.8185e-17;
1.1239e-17;
6.9459e-18;
4.2928e-18;
2.6531e-18;
1.6397e-18;
1.0134e-18;
6.2632e-19;
3.8705e-19;
2.3927e-19;
1.4778e-19;
9.1486e-20;
5.6299e-20;
3.5187e-20;
2.1112e-20;
25.629;
15.84;
9.7894;
6.0502;
3.7392;
2.311;
1.4282;
0.88271;
0.54554;
0.33716;
0.20838;
0.12879;
0.079594;
0.049192;
0.030402;
0.01879;
0.011613;
0.007177;
0.0044356;
0.0027414;
0.0016942;
0.0010471;
0.00064715;
0.00039996;
0.00024719;
0.00015277;
9.4417e-05;
5.8353e-05;
3.6064e-05;
2.2289e-05;
1.3775e-05;
8.5136e-06;
5.2617e-06;
3.2519e-06;
2.0098e-06;
1.2421e-06;
7.6767e-07;
4.7445e-07;
2.9322e-07;
1.8122e-07;
1.12e-07;
6.9221e-08;
4.2781e-08;
2.644e-08;
1.6341e-08;
1.0099e-08;
6.2416e-09;
3.8575e-09;
2.3841e-09;
1.4735e-09;
9.1064e-10;
5.6281e-10;
3.4783e-10;
2.1497e-10;
1.3286e-10;
8.2113e-11;
5.0748e-11;
3.1364e-11;
1.9384e-11;
1.198e-11;
7.4041e-12;
4.576e-12;
2.8281e-12;
1.7479e-12;
1.0802e-12;
6.6763e-13;
4.1262e-13;
2.5501e-13;
1.5761e-13;
9.7405e-14;
6.02e-14;
3.7206e-14;
2.2994e-14;
1.4211e-14;
8.783e-15;
5.4282e-15;
3.3548e-15;
2.0734e-15;
1.2814e-15;
7.9197e-16;
4.8946e-16;
3.025e-16;
1.8696e-16;
1.1555e-16;
7.1412e-17;
4.4135e-17;
2.7277e-17;
1.6858e-17;
1.0419e-17;
6.4392e-18;
3.9796e-18;
2.4595e-18;
1.5201e-18;
9.3945e-19;
5.8063e-19;
3.5882e-19;
2.2182e-19;
1.37e-19;
8.4812e-20;
5.2192e-20;
3.262e-20;
1.9572e-20;
3.375;
2.0859;
1.2891;
0.79673;
0.49241;
0.30432;
0.18808;
0.11624;
0.071841;
0.0444;
0.027441;
0.016959;
0.010481;
0.0064779;
0.0040036;
0.0024743;
0.0015292;
0.00094511;
0.00058411;
0.000361;
0.00022311;
0.00013789;
8.5221e-05;
5.2669e-05;
3.2551e-05;
2.0118e-05;
1.2434e-05;
7.6844e-06;
4.7492e-06;
2.9352e-06;
1.814e-06;
1.1211e-06;
6.929e-07;
4.2823e-07;
2.6466e-07;
1.6357e-07;
1.0109e-07;
6.2479e-08;
3.8614e-08;
2.3865e-08;
1.4749e-08;
9.1155e-09;
5.6337e-09;
3.4818e-09;
2.1519e-09;
1.3299e-09;
8.2194e-10;
5.0799e-10;
3.1395e-10;
1.9403e-10;
1.1992e-10;
7.4115e-11;
4.5805e-11;
2.8309e-11;
1.7496e-11;
1.0813e-11;
6.6829e-12;
4.1303e-12;
2.5526e-12;
1.5776e-12;
9.7502e-13;
6.026e-13;
3.7243e-13;
2.3017e-13;
1.4225e-13;
8.7918e-14;
5.4336e-14;
3.3582e-14;
2.0755e-14;
1.2827e-14;
7.9275e-15;
4.8995e-15;
3.0281e-15;
1.8714e-15;
1.1566e-15;
7.1483e-16;
4.4179e-16;
2.7304e-16;
1.6875e-16;
1.0429e-16;
6.4456e-17;
3.9836e-17;
2.462e-17;
1.5216e-17;
9.404e-18;
5.812e-18;
3.592e-18;
2.22e-18;
1.372e-18;
8.4798e-19;
5.2403e-19;
3.2395e-19;
2.0008e-19;
1.2386e-19;
7.6223e-20;
4.7639e-20;
2.8584e-20;
25.629;
15.84;
9.7894;
6.0502;
3.7392;
2.311;
1.4282;
0.88271;
0.54554;
0.33716;
0.20838;
0.12879;
0.079594;
0.049192;
0.030402;
0.01879;
0.011613;
0.007177;
0.0044356;
0.0027414;
0.0016942;
0.0010471;
0.00064715;
0.00039996;
0.00024719;
0.00015277;
9.4417e-05;
5.8353e-05;
3.6064e-05;
2.2289e-05;
1.3775e-05;
8.5136e-06;
5.2617e-06;
3.2519e-06;
2.0098e-06;
1.2421e-06;
7.6767e-07;
4.7445e-07;
2.9322e-07;
1.8122e-07;
1.12e-07;
6.9221e-08;
4.2781e-08;
2.644e-08;
1.6341e-08;
1.0099e-08;
6.2416e-09;
3.8575e-09;
2.3841e-09;
1.4735e-09;
9.1064e-10;
5.6281e-10;
3.4783e-10;
2.1497e-10;
1.3286e-10;
8.2113e-11;
5.0748e-11;
3.1364e-11;
1.9384e-11;
1.198e-11;
7.4041e-12;
4.576e-12;
2.8281e-12;
1.7479e-12;
1.0802e-12;
6.6763e-13;
4.1262e-13;
2.5501e-13;
1.5761e-13;
9.7405e-14;
6.02e-14;
3.7206e-14;
2.2994e-14;
1.4211e-14;
8.783e-15;
5.4282e-15;
3.3548e-15;
2.0734e-15;
1.2814e-15;
7.9197e-16;
4.8946e-16;
3.025e-16;
1.8696e-16;
1.1555e-16;
7.1412e-17;
4.4135e-17;
2.7277e-17;
1.6858e-17;
1.0419e-17;
6.4392e-18;
3.9796e-18;
2.4595e-18;
1.5201e-18;
9.3945e-19;
5.8063e-19;
3.5882e-19;
2.2182e-19;
1.37e-19;
8.4812e-20;
5.2192e-20;
3.262e-20;
1.9572e-20;
17.086;
10.56;
6.5262;
4.0334;
2.4928;
1.5406;
0.95217;
0.58847;
0.3637;
0.22478;
0.13892;
0.085857;
0.053062;
0.032794;
0.020268;
0.012526;
0.0077417;
0.0047846;
0.0029571;
0.0018276;
0.0011295;
0.00069807;
0.00043143;
0.00026664;
0.00016479;
0.00010185;
6.2945e-05;
3.8902e-05;
2.4043e-05;
1.4859e-05;
9.1835e-06;
5.6757e-06;
3.5078e-06;
2.1679e-06;
1.3399e-06;
8.2808e-07;
5.1178e-07;
3.163e-07;
1.9548e-07;
1.2081e-07;
7.4668e-08;
4.6147e-08;
2.8521e-08;
1.7627e-08;
1.0894e-08;
6.7328e-09;
4.1611e-09;
2.5717e-09;
1.5894e-09;
9.823e-10;
6.0709e-10;
3.752e-10;
2.3189e-10;
1.4332e-10;
8.8576e-11;
5.474e-11;
3.3829e-11;
2.0911e-11;
1.2925e-11;
7.9865e-12;
4.9383e-12;
3.0624e-12;
1.89e-12;
1.1653e-12;
7.1765e-13;
4.3343e-13;
2.629e-13;
1.5632e-13;
9.9476e-14;
6.3949e-14;
4.2633e-14;
2.8422e-14;
1.4211e-14;
7.1054e-15;
7.1054e-15;
7.1054e-15;
7.1054e-15;
7.1054e-15;
7.1054e-15;
7.1054e-15;
7.1054e-15;
7.1054e-15;
7.1054e-15;
7.1054e-15;
7.1054e-15;
7.1054e-15;
7.1054e-15;
7.1054e-15;
7.1054e-15;
7.1054e-15;
7.1054e-15;
7.1054e-15;
7.1054e-15;
7.1054e-15;
7.1054e-15;
7.1054e-15;
7.1054e-15;
7.1054e-15;
7.1054e-15;
7.1054e-15;
7.1054e-15;
11.391;
7.0398;
4.3508;
2.689;
1.6619;
1.0271;
0.63478;
0.39231;
0.24246;
0.14985;
0.092613;
0.057238;
0.035375;
0.021863;
0.013512;
0.0083509;
0.0051611;
0.0031898;
0.0019714;
0.0012184;
0.000753;
0.00046538;
0.00028762;
0.00017776;
0.00010986;
6.7898e-05;
4.1963e-05;
2.5935e-05;
1.6029e-05;
9.9062e-06;
6.1224e-06;
3.7838e-06;
2.3385e-06;
1.4453e-06;
8.9324e-07;
5.5205e-07;
3.4119e-07;
2.1087e-07;
1.3032e-07;
8.0543e-08;
4.9779e-08;
3.0765e-08;
1.9014e-08;
1.1751e-08;
7.2626e-09;
4.4885e-09;
2.7741e-09;
1.7145e-09;
1.0596e-09;
6.5487e-10;
4.0473e-10;
2.5014e-10;
1.5459e-10;
9.5544e-11;
5.9049e-11;
3.6494e-11;
2.2555e-11;
1.394e-11;
8.6152e-12;
5.3245e-12;
3.2907e-12;
2.0338e-12;
1.2569e-12;
7.7683e-13;
4.8011e-13;
2.9672e-13;
1.8338e-13;
1.1334e-13;
7.0047e-14;
4.3291e-14;
2.6755e-14;
1.6536e-14;
1.022e-14;
6.3161e-15;
3.9036e-15;
2.4125e-15;
1.491e-15;
9.2151e-16;
5.6952e-16;
3.5198e-16;
2.1754e-16;
1.3445e-16;
8.3092e-17;
5.1354e-17;
3.1738e-17;
1.9615e-17;
1.2123e-17;
7.4924e-18;
4.6306e-18;
2.8619e-18;
1.7687e-18;
1.0931e-18;
6.7561e-19;
4.1751e-19;
2.581e-19;
1.5941e-19;
9.8685e-20;
6.0729e-20;
3.7956e-20;
2.2773e-20;
5.0625;
3.1288;
1.9337;
1.1951;
0.73861;
0.45649;
0.28212;
0.17436;
0.10776;
0.0666;
0.041161;
0.025439;
0.015722;
0.0097169;
0.0060053;
0.0037115;
0.0022938;
0.0014177;
0.00087617;
0.0005415;
0.00033467;
0.00020684;
0.00012783;
7.9004e-05;
4.8827e-05;
3.0177e-05;
1.865e-05;
1.1527e-05;
7.1238e-06;
4.4027e-06;
2.721e-06;
1.6817e-06;
1.0393e-06;
6.4235e-07;
3.97e-07;
2.4536e-07;
1.5164e-07;
9.3718e-08;
5.7921e-08;
3.5797e-08;
2.2124e-08;
1.3673e-08;
8.4505e-09;
5.2227e-09;
3.2278e-09;
1.9949e-09;
1.2329e-09;
7.6198e-10;
4.7093e-10;
2.9105e-10;
1.7988e-10;
1.1117e-10;
6.8708e-11;
4.2464e-11;
2.6244e-11;
1.622e-11;
1.0024e-11;
6.1954e-12;
3.829e-12;
2.3664e-12;
1.4625e-12;
9.039e-13;
5.5864e-13;
3.4526e-13;
2.1338e-13;
1.3188e-13;
8.1504e-14;
5.0372e-14;
3.1132e-14;
1.9241e-14;
1.1891e-14;
7.3492e-15;
4.5421e-15;
2.8072e-15;
1.7349e-15;
1.0722e-15;
6.6268e-16;
4.0956e-16;
2.5312e-16;
1.5644e-16;
9.6684e-17;
5.9754e-17;
3.693e-17;
2.2824e-17;
1.4106e-17;
8.718e-18;
5.388e-18;
3.33e-18;
2.058e-18;
1.2719e-18;
7.8612e-19;
4.858e-19;
3.0032e-19;
1.8549e-19;
1.1483e-19;
7.0662e-20;
4.4164e-20;
2.6498e-20;
11.391;
7.0398;
4.3508;
2.689;
1.6619;
1.0271;
0.63478;
0.39231;
0.24246;
0.14985;
0.092613;
0.057238;
0.035375;
0.021863;
0.013512;
0.0083509;
0.0051611;
0.0031898;
0.0019714;
0.0012184;
0.000753;
0.00046538;
0.00028762;
0.00017776;
0.00010986;
6.7898e-05;
4.1963e-05;
2.5935e-05;
1.6029e-05;
9.9062e-06;
6.1224e-06;
3.7838e-06;
2.3385e-06;
1.4453e-06;
8.9324e-07;
5.5205e-07;
3.4119e-07;
2.1087e-07;
1.3032e-07;
8.0543e-08;
4.9779e-08;
3.0765e-08;
1.9014e-08;
1.1751e-08;
7.2626e-09;
4.4885e-09;
2.7741e-09;
1.7145e-09;
1.0596e-09;
6.5487e-10;
4.0473e-10;
2.5014e-10;
1.5459e-10;
9.5544e-11;
5.9049e-11;
3.6494e-11;
2.2555e-11;
1.394e-11;
8.6152e-12;
5.3245e-12;
3.2907e-12;
2.0338e-12;
1.2569e-12;
7.7683e-13;
4.8011e-13;
2.9672e-13;
1.8338e-13;
1.1334e-13;
7.0047e-14;
4.3291e-14;
2.6755e-14;
1.6536e-14;
1.022e-14;
6.3161e-15;
3.9036e-15;
2.4125e-15;
1.491e-15;
9.2151e-16;
5.6952e-16;
3.5198e-16;
2.1754e-16;
1.3445e-16;
8.3092e-17;
5.1354e-17;
3.1738e-17;
1.9615e-17;
1.2123e-17;
7.4924e-18;
4.6306e-18;
2.8619e-18;
1.7687e-18;
1.0931e-18;
6.7561e-19;
4.1751e-19;
2.581e-19;
1.5941e-19;
9.8685e-20;
6.0729e-20;
3.7956e-20;
2.2773e-20;
17.086;
10.56;
6.5262;
4.0334;
2.4928;
1.5406;
0.95217;
0.58847;
0.3637;
0.22478;
0.13892;
0.085857;
0.053062;
0.032794;
0.020268;
0.012526;
0.0077417;
0.0047846;
0.0029571;
0.0018276;
0.0011295;
0.00069807;
0.00043143;
0.00026664;
0.00016479;
0.00010185;
6.2945e-05;
3.8902e-05;
2.4043e-05;
1.4859e-05;
9.1835e-06;
5.6757e-06;
3.5078e-06;
2.1679e-06;
1.3399e-06;
8.2808e-07;
5.1178e-07;
3.163e-07;
1.9548e-07;
1.2082e-07;
7.4668e-08;
4.6147e-08;
2.8521e-08;
1.7627e-08;
1.0894e-08;
6.7328e-09;
4.1611e-09;
2.5717e-09;
1.5894e-09;
9.823e-10;
6.0709e-10;
3.7521e-10;
2.3189e-10;
1.4332e-10;
8.8576e-11;
5.474e-11;
3.3829e-11;
2.0897e-11;
1.2918e-11;
7.9865e-12;
4.9383e-12;
3.0553e-12;
1.89e-12;
1.1653e-12;
7.1765e-13;
4.4054e-13;
2.7001e-13;
1.6342e-13;
9.2371e-14;
5.6843e-14;
3.5527e-14;
2.8422e-14;
1.4211e-14;
7.1054e-15;
7.1054e-15;
7.1054e-15;
7.1054e-15;
7.1054e-15;
7.1054e-15;
7.1054e-15;
7.1054e-15;
7.1054e-15;
7.1054e-15;
7.1054e-15;
7.1054e-15;
7.1054e-15;
7.1054e-15;
7.1054e-15;
7.1054e-15;
7.1054e-15;
7.1054e-15;
7.1054e-15;
7.1054e-15;
7.1054e-15;
7.1054e-15;
7.1054e-15;
7.1054e-15;
7.1054e-15;
7.1054e-15;
7.1054e-15;
7.1054e-15;
17.086;
10.56;
6.5262;
4.0334;
2.4928;
1.5406;
0.95217;
0.58847;
0.3637;
0.22478;
0.13892;
0.085857;
0.053062;
0.032794;
0.020268;
0.012526;
0.0077417;
0.0047846;
0.0029571;
0.0018276;
0.0011295;
0.00069807;
0.00043143;
0.00026664;
0.00016479;
0.00010185;
6.2945e-05;
3.8902e-05;
2.4043e-05;
1.4859e-05;
9.1835e-06;
5.6757e-06;
3.5078e-06;
2.1679e-06;
1.3399e-06;
8.2808e-07;
5.1178e-07;
3.163e-07;
1.9548e-07;
1.2081e-07;
7.4668e-08;
4.6147e-08;
2.8521e-08;
1.7627e-08;
1.0894e-08;
6.7328e-09;
4.1611e-09;
2.5717e-09;
1.5894e-09;
9.823e-10;
6.0709e-10;
3.7521e-10;
2.3189e-10;
1.4332e-10;
8.8576e-11;
5.474e-11;
3.3829e-11;
2.0904e-11;
1.2918e-11;
7.9865e-12;
4.9383e-12;
3.0553e-12;
1.89e-12;
1.1653e-12;
7.1765e-13;
4.4054e-13;
2.7001e-13;
1.6342e-13;
9.9476e-14;
6.3949e-14;
4.2633e-14;
2.8422e-14;
1.4211e-14;
7.1054e-15;
7.1054e-15;
7.1054e-15;
7.1054e-15;
7.1054e-15;
7.1054e-15;
7.1054e-15;
7.1054e-15;
7.1054e-15;
7.1054e-15;
7.1054e-15;
7.1054e-15;
7.1054e-15;
7.1054e-15;
7.1054e-15;
7.1054e-15;
7.1054e-15;
7.1054e-15;
7.1054e-15;
7.1054e-15;
7.1054e-15;
7.1054e-15;
7.1054e-15;
7.1054e-15;
7.1054e-15;
7.1054e-15;
7.1054e-15;
7.1054e-15;
5.0625;
3.1288;
1.9337;
1.1951;
0.73861;
0.45649;
0.28212;
0.17436;
0.10776;
0.0666;
0.041161;
0.025439;
0.015722;
0.0097169;
0.0060053;
0.0037115;
0.0022938;
0.0014177;
0.00087617;
0.0005415;
0.00033467;
0.00020684;
0.00012783;
7.9004e-05;
4.8827e-05;
3.0177e-05;
1.865e-05;
1.1527e-05;
7.1238e-06;
4.4027e-06;
2.721e-06;
1.6817e-06;
1.0393e-06;
6.4235e-07;
3.97e-07;
2.4536e-07;
1.5164e-07;
9.3718e-08;
5.7921e-08;
3.5797e-08;
2.2124e-08;
1.3673e-08;
8.4505e-09;
5.2227e-09;
3.2278e-09;
1.9949e-09;
1.2329e-09;
7.6198e-10;
4.7093e-10;
2.9105e-10;
1.7988e-10;
1.1117e-10;
6.8708e-11;
4.2464e-11;
2.6244e-11;
1.622e-11;
1.0024e-11;
6.1954e-12;
3.829e-12;
2.3664e-12;
1.4625e-12;
9.039e-13;
5.5864e-13;
3.4526e-13;
2.1338e-13;
1.3188e-13;
8.1504e-14;
5.0372e-14;
3.1132e-14;
1.9241e-14;
1.1891e-14;
7.3492e-15;
4.5421e-15;
2.8072e-15;
1.7349e-15;
1.0722e-15;
6.6268e-16;
4.0956e-16;
2.5312e-16;
1.5644e-16;
9.6684e-17;
5.9754e-17;
3.693e-17;
2.2824e-17;
1.4106e-17;
8.718e-18;
5.388e-18;
3.33e-18;
2.058e-18;
1.2719e-18;
7.8612e-19;
4.858e-19;
3.0032e-19;
1.8549e-19;
1.1483e-19;
7.0662e-20;
4.4164e-20;
2.6498e-20;
7.5938;
4.6932;
2.9006;
1.7926;
1.1079;
0.68473;
0.42319;
0.26154;
0.16164;
0.0999;
0.061742;
0.038159;
0.023583;
0.014575;
0.009008;
0.0055673;
0.0034408;
0.0021265;
0.0013143;
0.00081225;
0.000502;
0.00031025;
0.00019175;
0.00011851;
7.3241e-05;
4.5265e-05;
2.7975e-05;
1.729e-05;
1.0686e-05;
6.6041e-06;
4.0816e-06;
2.5225e-06;
1.559e-06;
9.6353e-07;
5.9549e-07;
3.6803e-07;
2.2746e-07;
1.4058e-07;
8.6881e-08;
5.3696e-08;
3.3186e-08;
2.051e-08;
1.2676e-08;
7.8341e-09;
4.8417e-09;
2.9924e-09;
1.8494e-09;
1.143e-09;
7.064e-10;
4.3658e-10;
2.6982e-10;
1.6676e-10;
1.0306e-10;
6.3693e-11;
3.9364e-11;
2.4329e-11;
1.5035e-11;
9.2939e-12;
5.7412e-12;
3.5456e-12;
2.1814e-12;
1.3429e-12;
8.3134e-13;
5.187e-13;
3.1974e-13;
2.0606e-13;
1.279e-13;
7.816e-14;
4.9738e-14;
3.5527e-14;
2.1316e-14;
2.1316e-14;
2.1316e-14;
2.1316e-14;
2.1316e-14;
2.1316e-14;
2.1316e-14;
2.1316e-14;
2.1316e-14;
2.1316e-14;
2.1316e-14;
2.1316e-14;
2.1316e-14;
2.1316e-14;
2.1316e-14;
2.1316e-14;
2.1316e-14;
2.1316e-14;
2.1316e-14;
2.1316e-14;
2.1316e-14;
2.1316e-14;
2.1316e-14;
2.1316e-14;
2.1316e-14;
2.1316e-14;
2.1316e-14;
2.1316e-14;
2.1316e-14;
11.391;
7.0398;
4.3508;
2.689;
1.6619;
1.0271;
0.63478;
0.39231;
0.24246;
0.14985;
0.092613;
0.057238;
0.035375;
0.021863;
0.013512;
0.0083509;
0.0051611;
0.0031898;
0.0019714;
0.0012184;
0.000753;
0.00046538;
0.00028762;
0.00017776;
0.00010986;
6.7898e-05;
4.1963e-05;
2.5935e-05;
1.6029e-05;
9.9062e-06;
6.1224e-06;
3.7838e-06;
2.3385e-06;
1.4453e-06;
8.9324e-07;
5.5205e-07;
3.4119e-07;
2.1087e-07;
1.3032e-07;
8.0543e-08;
4.9779e-08;
3.0765e-08;
1.9014e-08;
1.1751e-08;
7.2626e-09;
4.4885e-09;
2.7741e-09;
1.7145e-09;
1.0596e-09;
6.5486e-10;
4.0473e-10;
2.5013e-10;
1.5459e-10;
9.554e-11;
5.9046e-11;
3.6493e-11;
2.2553e-11;
1.3941e-11;
8.6189e-12;
5.3291e-12;
3.2969e-12;
2.0393e-12;
1.2506e-12;
7.7449e-13;
4.6896e-13;
2.9132e-13;
1.7764e-13;
1.0658e-13;
5.6843e-14;
3.5527e-14;
2.1316e-14;
2.1316e-14;
2.1316e-14;
2.1316e-14;
2.1316e-14;
2.1316e-14;
2.1316e-14;
2.1316e-14;
2.1316e-14;
2.1316e-14;
2.1316e-14;
2.1316e-14;
2.1316e-14;
2.1316e-14;
2.1316e-14;
2.1316e-14;
2.1316e-14;
2.1316e-14;
2.1316e-14;
2.1316e-14;
2.1316e-14;
2.1316e-14;
2.1316e-14;
2.1316e-14;
2.1316e-14;
2.1316e-14;
2.1316e-14;
2.1316e-14;
2.1316e-14;
2.1316e-14;
3.375;
2.0859;
1.2891;
0.79673;
0.49241;
0.30432;
0.18808;
0.11624;
0.071841;
0.0444;
0.027441;
0.016959;
0.010481;
0.0064779;
0.0040036;
0.0024743;
0.0015292;
0.00094511;
0.00058411;
0.000361;
0.00022311;
0.00013789;
8.5221e-05;
5.2669e-05;
3.2551e-05;
2.0118e-05;
1.2434e-05;
7.6844e-06;
4.7492e-06;
2.9352e-06;
1.814e-06;
1.1211e-06;
6.929e-07;
4.2823e-07;
2.6466e-07;
1.6357e-07;
1.0109e-07;
6.2479e-08;
3.8614e-08;
2.3865e-08;
1.4749e-08;
9.1155e-09;
5.6337e-09;
3.4818e-09;
2.1519e-09;
1.3299e-09;
8.2194e-10;
5.0799e-10;
3.1395e-10;
1.9403e-10;
1.1992e-10;
7.4115e-11;
4.5805e-11;
2.8309e-11;
1.7496e-11;
1.0813e-11;
6.6829e-12;
4.1303e-12;
2.5526e-12;
1.5776e-12;
9.7502e-13;
6.026e-13;
3.7243e-13;
2.3017e-13;
1.4225e-13;
8.7918e-14;
5.4336e-14;
3.3582e-14;
2.0755e-14;
1.2827e-14;
7.9275e-15;
4.8995e-15;
3.0281e-15;
1.8714e-15;
1.1566e-15;
7.1483e-16;
4.4179e-16;
2.7304e-16;
1.6875e-16;
1.0429e-16;
6.4456e-17;
3.9836e-17;
2.462e-17;
1.5216e-17;
9.404e-18;
5.812e-18;
3.592e-18;
2.22e-18;
1.372e-18;
8.4798e-19;
5.2403e-19;
3.2395e-19;
2.0008e-19;
1.2386e-19;
7.6223e-20;
4.7639e-20;
2.8584e-20;
11.391;
7.0398;
4.3508;
2.689;
1.6619;
1.0271;
0.63478;
0.39231;
0.24246;
0.14985;
0.092613;
0.057238;
0.035375;
0.021863;
0.013512;
0.0083509;
0.0051611;
0.0031898;
0.0019714;
0.0012184;
0.000753;
0.00046538;
0.00028762;
0.00017776;
0.00010986;
6.7898e-05;
4.1963e-05;
2.5935e-05;
1.6029e-05;
9.9062e-06;
6.1224e-06;
3.7838e-06;
2.3385e-06;
1.4453e-06;
8.9324e-07;
5.5205e-07;
3.4119e-07;
2.1087e-07;
1.3032e-07;
8.0543e-08;
4.9779e-08;
3.0765e-08;
1.9014e-08;
1.1751e-08;
7.2626e-09;
4.4885e-09;
2.7741e-09;
1.7145e-09;
1.0596e-09;
6.5486e-10;
4.0473e-10;
2.5013e-10;
1.5459e-10;
9.5547e-11;
5.906e-11;
3.6501e-11;
2.256e-11;
1.3934e-11;
8.6118e-12;
5.322e-12;
3.2969e-12;
2.0393e-12;
1.2648e-12;
7.816e-13;
4.8317e-13;
2.9843e-13;
1.8474e-13;
1.1369e-13;
7.1054e-14;
4.2633e-14;
2.8422e-14;
1.4211e-14;
7.1054e-15;
7.1054e-15;
7.1054e-15;
7.1054e-15;
7.1054e-15;
7.1054e-15;
7.1054e-15;
7.1054e-15;
7.1054e-15;
7.1054e-15;
7.1054e-15;
7.1054e-15;
7.1054e-15;
7.1054e-15;
7.1054e-15;
7.1054e-15;
7.1054e-15;
7.1054e-15;
7.1054e-15;
7.1054e-15;
7.1054e-15;
7.1054e-15;
7.1054e-15;
7.1054e-15;
7.1054e-15;
7.1054e-15;
7.1054e-15;
7.1054e-15;
5.0625;
3.1288;
1.9337;
1.1951;
0.73861;
0.45649;
0.28212;
0.17436;
0.10776;
0.0666;
0.041161;
0.025439;
0.015722;
0.0097169;
0.0060053;
0.0037115;
0.0022938;
0.0014177;
0.00087617;
0.0005415;
0.00033467;
0.00020684;
0.00012783;
7.9004e-05;
4.8827e-05;
3.0177e-05;
1.865e-05;
1.1527e-05;
7.1238e-06;
4.4027e-06;
2.721e-06;
1.6817e-06;
1.0393e-06;
6.4235e-07;
3.97e-07;
2.4536e-07;
1.5164e-07;
9.3718e-08;
5.7921e-08;
3.5797e-08;
2.2124e-08;
1.3673e-08;
8.4505e-09;
5.2227e-09;
3.2278e-09;
1.9949e-09;
1.2329e-09;
7.6198e-10;
4.7093e-10;
2.9105e-10;
1.7988e-10;
1.1117e-10;
6.8708e-11;
4.2464e-11;
2.6244e-11;
1.622e-11;
1.0024e-11;
6.1954e-12;
3.829e-12;
2.3664e-12;
1.4625e-12;
9.039e-13;
5.5864e-13;
3.4526e-13;
2.1338e-13;
1.3188e-13;
8.1504e-14;
5.0372e-14;
3.1132e-14;
1.9241e-14;
1.1891e-14;
7.3492e-15;
4.5421e-15;
2.8072e-15;
1.7349e-15;
1.0722e-15;
6.6268e-16;
4.0956e-16;
2.5312e-16;
1.5644e-16;
9.6684e-17;
5.9754e-17;
3.693e-17;
2.2824e-17;
1.4106e-17;
8.718e-18;
5.388e-18;
3.33e-18;
2.058e-18;
1.2719e-18;
7.8612e-19;
4.858e-19;
3.0032e-19;
1.8549e-19;
1.1483e-19;
7.0662e-20;
4.4164e-20;
2.6498e-20;
25.629;
15.84;
9.7894;
6.0502;
3.7392;
2.311;
1.4282;
0.88271;
0.54554;
0.33716;
0.20838;
0.12879;
0.079594;
0.049192;
0.030402;
0.01879;
0.011613;
0.007177;
0.0044356;
0.0027414;
0.0016942;
0.0010471;
0.00064715;
0.00039996;
0.00024719;
0.00015277;
9.4417e-05;
5.8353e-05;
3.6064e-05;
2.2289e-05;
1.3775e-05;
8.5136e-06;
5.2617e-06;
3.2519e-06;
2.0098e-06;
1.2421e-06;
7.6767e-07;
4.7445e-07;
2.9322e-07;
1.8122e-07;
1.12e-07;
6.9221e-08;
4.2781e-08;
2.644e-08;
1.6341e-08;
1.0099e-08;
6.2416e-09;
3.8575e-09;
2.3841e-09;
1.4735e-09;
9.1064e-10;
5.6281e-10;
3.4783e-10;
2.1497e-10;
1.3286e-10;
8.2113e-11;
5.0748e-11;
3.1364e-11;
1.9384e-11;
1.198e-11;
7.4041e-12;
4.576e-12;
2.8281e-12;
1.7479e-12;
1.0802e-12;
6.6763e-13;
4.1262e-13;
2.5501e-13;
1.5761e-13;
9.7405e-14;
6.02e-14;
3.7206e-14;
2.2994e-14;
1.4211e-14;
8.783e-15;
5.4282e-15;
3.3548e-15;
2.0734e-15;
1.2814e-15;
7.9197e-16;
4.8946e-16;
3.025e-16;
1.8696e-16;
1.1555e-16;
7.1412e-17;
4.4135e-17;
2.7277e-17;
1.6858e-17;
1.0419e-17;
6.4392e-18;
3.9796e-18;
2.4595e-18;
1.5201e-18;
9.3945e-19;
5.8063e-19;
3.5882e-19;
2.2182e-19;
1.37e-19;
8.4812e-20;
5.2192e-20;
3.262e-20;
1.9572e-20;
17.086;
10.56;
6.5262;
4.0334;
2.4928;
1.5406;
0.95217;
0.58847;
0.3637;
0.22478;
0.13892;
0.085857;
0.053062;
0.032794;
0.020268;
0.012526;
0.0077417;
0.0047846;
0.0029571;
0.0018276;
0.0011295;
0.00069807;
0.00043143;
0.00026664;
0.00016479;
0.00010185;
6.2945e-05;
3.8902e-05;
2.4043e-05;
1.4859e-05;
9.1835e-06;
5.6757e-06;
3.5078e-06;
2.1679e-06;
1.3399e-06;
8.2808e-07;
5.1178e-07;
3.163e-07;
1.9548e-07;
1.2082e-07;
7.4668e-08;
4.6147e-08;
2.8521e-08;
1.7627e-08;
1.0894e-08;
6.7328e-09;
4.1611e-09;
2.5717e-09;
1.5894e-09;
9.823e-10;
6.0709e-10;
3.7521e-10;
2.3189e-10;
1.4332e-10;
8.8576e-11;
5.474e-11;
3.3829e-11;
2.0904e-11;
1.2918e-11;
7.9865e-12;
4.9383e-12;
3.0624e-12;
1.89e-12;
1.1653e-12;
7.1765e-13;
4.4054e-13;
2.7001e-13;
1.6342e-13;
9.9476e-14;
6.3949e-14;
4.2633e-14;
2.8422e-14;
1.4211e-14;
7.1054e-15;
7.1054e-15;
7.1054e-15;
7.1054e-15;
7.1054e-15;
7.1054e-15;
7.1054e-15;
7.1054e-15;
7.1054e-15;
7.1054e-15;
7.1054e-15;
7.1054e-15;
7.1054e-15;
7.1054e-15;
7.1054e-15;
7.1054e-15;
7.1054e-15;
7.1054e-15;
7.1054e-15;
7.1054e-15;
7.1054e-15;
7.1054e-15;
7.1054e-15;
7.1054e-15;
7.1054e-15;
7.1054e-15;
7.1054e-15;
7.1054e-15;
17.086;
10.56;
6.5262;
4.0334;
2.4928;
1.5406;
0.95217;
0.58847;
0.3637;
0.22478;
0.13892;
0.085857;
0.053062;
0.032794;
0.020268;
0.012526;
0.0077417;
0.0047846;
0.0029571;
0.0018276;
0.0011295;
0.00069807;
0.00043143;
0.00026664;
0.00016479;
0.00010185;
6.2945e-05;
3.8902e-05;
2.4043e-05;
1.4859e-05;
9.1835e-06;
5.6757e-06;
3.5078e-06;
2.1679e-06;
1.3399e-06;
8.2808e-07;
5.1178e-07;
3.163e-07;
1.9548e-07;
1.2081e-07;
7.4668e-08;
4.6147e-08;
2.8521e-08;
1.7627e-08;
1.0894e-08;
6.7328e-09;
4.1611e-09;
2.5717e-09;
1.5894e-09;
9.823e-10;
6.0709e-10;
3.752e-10;
2.3189e-10;
1.4332e-10;
8.8576e-11;
5.474e-11;
3.3829e-11;
2.0904e-11;
1.2918e-11;
7.9865e-12;
4.9383e-12;
3.0553e-12;
1.89e-12;
1.1653e-12;
7.1765e-13;
4.3343e-13;
2.629e-13;
1.6342e-13;
1.0658e-13;
7.1054e-14;
4.2633e-14;
2.8422e-14;
1.4211e-14;
7.1054e-15;
1.4211e-14;
7.1054e-15;
7.1054e-15;
7.1054e-15;
7.1054e-15;
7.1054e-15;
7.1054e-15;
7.1054e-15;
7.1054e-15;
7.1054e-15;
7.1054e-15;
7.1054e-15;
7.1054e-15;
7.1054e-15;
7.1054e-15;
7.1054e-15;
7.1054e-15;
7.1054e-15;
7.1054e-15;
7.1054e-15;
7.1054e-15;
7.1054e-15;
7.1054e-15;
7.1054e-15;
7.1054e-15;
7.1054e-15;
7.1054e-15;
25.629;
15.84;
9.7894;
6.0502;
3.7392;
2.311;
1.4282;
0.88271;
0.54554;
0.33716;
0.20838;
0.12879;
0.079594;
0.049192;
0.030402;
0.01879;
0.011613;
0.007177;
0.0044356;
0.0027414;
0.0016942;
0.0010471;
0.00064715;
0.00039996;
0.00024719;
0.00015277;
9.4417e-05;
5.8353e-05;
3.6064e-05;
2.2289e-05;
1.3775e-05;
8.5136e-06;
5.2617e-06;
3.2519e-06;
2.0098e-06;
1.2421e-06;
7.6767e-07;
4.7445e-07;
2.9322e-07;
1.8122e-07;
1.12e-07;
6.9221e-08;
4.2781e-08;
2.644e-08;
1.6341e-08;
1.0099e-08;
6.2416e-09;
3.8575e-09;
2.3841e-09;
1.4735e-09;
9.1064e-10;
5.6281e-10;
3.4783e-10;
2.1497e-10;
1.3286e-10;
8.2113e-11;
5.0748e-11;
3.1364e-11;
1.9384e-11;
1.198e-11;
7.4041e-12;
4.576e-12;
2.8281e-12;
1.7479e-12;
1.0802e-12;
6.6763e-13;
4.1262e-13;
2.5501e-13;
1.5761e-13;
9.7405e-14;
6.02e-14;
3.7206e-14;
2.2994e-14;
1.4211e-14;
8.783e-15;
5.4282e-15;
3.3548e-15;
2.0734e-15;
1.2814e-15;
7.9197e-16;
4.8946e-16;
3.025e-16;
1.8696e-16;
1.1555e-16;
7.1412e-17;
4.4135e-17;
2.7277e-17;
1.6858e-17;
1.0419e-17;
6.4392e-18;
3.9796e-18;
2.4595e-18;
1.5201e-18;
9.3945e-19;
5.8063e-19;
3.5882e-19;
2.2182e-19;
1.37e-19;
8.4812e-20;
5.2192e-20;
3.262e-20;
1.9572e-20;
25.629;
15.84;
9.7894;
6.0502;
3.7392;
2.311;
1.4282;
0.88271;
0.54554;
0.33716;
0.20838;
0.12879;
0.079594;
0.049192;
0.030402;
0.01879;
0.011613;
0.007177;
0.0044356;
0.0027414;
0.0016942;
0.0010471;
0.00064715;
0.00039996;
0.00024719;
0.00015277;
9.4417e-05;
5.8353e-05;
3.6064e-05;
2.2289e-05;
1.3775e-05;
8.5136e-06;
5.2617e-06;
3.2519e-06;
2.0098e-06;
1.2421e-06;
7.6767e-07;
4.7445e-07;
2.9322e-07;
1.8122e-07;
1.12e-07;
6.9221e-08;
4.2781e-08;
2.644e-08;
1.6341e-08;
1.0099e-08;
6.2416e-09;
3.8575e-09;
2.3841e-09;
1.4735e-09;
9.1064e-10;
5.6281e-10;
3.4783e-10;
2.1497e-10;
1.3286e-10;
8.2113e-11;
5.0748e-11;
3.1364e-11;
1.9384e-11;
1.198e-11;
7.4041e-12;
4.576e-12;
2.8281e-12;
1.7479e-12;
1.0802e-12;
6.6763e-13;
4.1262e-13;
2.5501e-13;
1.5761e-13;
9.7405e-14;
6.02e-14;
3.7206e-14;
2.2994e-14;
1.4211e-14;
8.783e-15;
5.4282e-15;
3.3548e-15;
2.0734e-15;
1.2814e-15;
7.9197e-16;
4.8946e-16;
3.025e-16;
1.8696e-16;
1.1555e-16;
7.1412e-17;
4.4135e-17;
2.7277e-17;
1.6858e-17;
1.0419e-17;
6.4392e-18;
3.9796e-18;
2.4595e-18;
1.5201e-18;
9.3945e-19;
5.8063e-19;
3.5882e-19;
2.2182e-19;
1.37e-19;
8.4812e-20;
5.2192e-20;
3.262e-20;
1.9572e-20;
7.5938;
4.6932;
2.9006;
1.7926;
1.1079;
0.68473;
0.42319;
0.26154;
0.16164;
0.0999;
0.061742;
0.038159;
0.023583;
0.014575;
0.009008;
0.0055673;
0.0034408;
0.0021265;
0.0013143;
0.00081225;
0.000502;
0.00031025;
0.00019175;
0.00011851;
7.3241e-05;
4.5265e-05;
2.7975e-05;
1.729e-05;
1.0686e-05;
6.6041e-06;
4.0816e-06;
2.5225e-06;
1.559e-06;
9.6353e-07;
5.9549e-07;
3.6803e-07;
2.2746e-07;
1.4058e-07;
8.6881e-08;
5.3696e-08;
3.3186e-08;
2.051e-08;
1.2676e-08;
7.8341e-09;
4.8417e-09;
2.9924e-09;
1.8494e-09;
1.143e-09;
7.064e-10;
4.3658e-10;
2.6982e-10;
1.6676e-10;
1.0306e-10;
6.3696e-11;
3.9366e-11;
2.433e-11;
1.5037e-11;
9.2931e-12;
5.7435e-12;
3.5496e-12;
2.1938e-12;
1.3558e-12;
8.3796e-13;
5.1789e-13;
3.2007e-13;
1.9782e-13;
1.2226e-13;
7.5559e-14;
4.6698e-14;
2.8861e-14;
1.7837e-14;
1.1024e-14;
6.8131e-15;
4.2107e-15;
2.6024e-15;
1.6084e-15;
9.9402e-16;
6.1434e-16;
3.7968e-16;
2.3466e-16;
1.4503e-16;
8.9631e-17;
5.5395e-17;
3.4236e-17;
2.1159e-17;
1.3077e-17;
8.082e-18;
4.995e-18;
3.087e-18;
1.9079e-18;
1.1791e-18;
7.2877e-19;
4.5037e-19;
2.7841e-19;
1.7196e-19;
1.0645e-19;
6.5508e-20;
4.0942e-20;
2.4565e-20;
3.375;
2.0859;
1.2891;
0.79673;
0.49241;
0.30432;
0.18808;
0.11624;
0.071841;
0.0444;
0.027441;
0.016959;
0.010481;
0.0064779;
0.0040036;
0.0024743;
0.0015292;
0.00094511;
0.00058411;
0.000361;
0.00022311;
0.00013789;
8.5221e-05;
5.2669e-05;
3.2551e-05;
2.0118e-05;
1.2434e-05;
7.6844e-06;
4.7492e-06;
2.9352e-06;
1.814e-06;
1.1211e-06;
6.929e-07;
4.2823e-07;
2.6466e-07;
1.6357e-07;
1.0109e-07;
6.2479e-08;
3.8614e-08;
2.3865e-08;
1.4749e-08;
9.1155e-09;
5.6337e-09;
3.4818e-09;
2.1519e-09;
1.3299e-09;
8.2194e-10;
5.0799e-10;
3.1395e-10;
1.9403e-10;
1.1992e-10;
7.4115e-11;
4.5805e-11;
2.8309e-11;
1.7496e-11;
1.0813e-11;
6.6829e-12;
4.1303e-12;
2.5526e-12;
1.5776e-12;
9.7502e-13;
6.026e-13;
3.7243e-13;
2.3017e-13;
1.4225e-13;
8.7918e-14;
5.4336e-14;
3.3582e-14;
2.0755e-14;
1.2827e-14;
7.9275e-15;
4.8995e-15;
3.0281e-15;
1.8714e-15;
1.1566e-15;
7.1483e-16;
4.4179e-16;
2.7304e-16;
1.6875e-16;
1.0429e-16;
6.4456e-17;
3.9836e-17;
2.462e-17;
1.5216e-17;
9.404e-18;
5.812e-18;
3.592e-18;
2.22e-18;
1.372e-18;
8.4798e-19;
5.2403e-19;
3.2395e-19;
2.0008e-19;
1.2386e-19;
7.6223e-20;
4.7639e-20;
2.8584e-20;
11.391;
7.0398;
4.3508;
2.689;
1.6619;
1.0271;
0.63478;
0.39231;
0.24246;
0.14985;
0.092613;
0.057238;
0.035375;
0.021863;
0.013512;
0.0083509;
0.0051611;
0.0031898;
0.0019714;
0.0012184;
0.000753;
0.00046538;
0.00028762;
0.00017776;
0.00010986;
6.7898e-05;
4.1963e-05;
2.5935e-05;
1.6029e-05;
9.9062e-06;
6.1224e-06;
3.7838e-06;
2.3385e-06;
1.4453e-06;
8.9324e-07;
5.5205e-07;
3.4119e-07;
2.1087e-07;
1.3032e-07;
8.0543e-08;
4.9779e-08;
3.0765e-08;
1.9014e-08;
1.1751e-08;
7.2626e-09;
4.4885e-09;
2.7741e-09;
1.7145e-09;
1.0596e-09;
6.5486e-10;
4.0473e-10;
2.5013e-10;
1.546e-10;
9.5547e-11;
5.9046e-11;
3.6493e-11;
2.2553e-11;
1.3941e-11;
8.6189e-12;
5.3291e-12;
3.2969e-12;
2.0393e-12;
1.2648e-12;
7.816e-13;
4.8317e-13;
2.9843e-13;
1.8474e-13;
1.1369e-13;
7.1054e-14;
4.2633e-14;
2.8422e-14;
1.4211e-14;
7.1054e-15;
7.1054e-15;
7.1054e-15;
7.1054e-15;
7.1054e-15;
7.1054e-15;
7.1054e-15;
7.1054e-15;
7.1054e-15;
7.1054e-15;
7.1054e-15;
7.1054e-15;
7.1054e-15;
7.1054e-15;
7.1054e-15;
7.1054e-15;
7.1054e-15;
7.1054e-15;
7.1054e-15;
7.1054e-15;
7.1054e-15;
7.1054e-15;
7.1054e-15;
7.1054e-15;
7.1054e-15;
7.1054e-15;
7.1054e-15;
7.1054e-15;
38.443;
23.759;
14.684;
9.0752;
5.6088;
3.4664;
2.1424;
1.3241;
0.81831;
0.50575;
0.31257;
0.19318;
0.11939;
0.073787;
0.045603;
0.028184;
0.017419;
0.010765;
0.0066534;
0.004112;
0.0025414;
0.0015707;
0.00097072;
0.00059994;
0.00037078;
0.00022916;
0.00014163;
8.753e-05;
5.4096e-05;
3.3433e-05;
2.0663e-05;
1.277e-05;
7.8925e-06;
4.8779e-06;
3.0147e-06;
1.8632e-06;
1.1515e-06;
7.1167e-07;
4.3984e-07;
2.7183e-07;
1.68e-07;
1.0383e-07;
6.4171e-08;
3.966e-08;
2.4511e-08;
1.5149e-08;
9.3625e-09;
5.7863e-09;
3.5761e-09;
2.2102e-09;
1.366e-09;
8.4421e-10;
5.2175e-10;
3.2246e-10;
1.9929e-10;
1.2317e-10;
7.6123e-11;
4.7046e-11;
2.9076e-11;
1.797e-11;
1.1106e-11;
6.864e-12;
4.2422e-12;
2.6218e-12;
1.6204e-12;
1.0014e-12;
6.1892e-13;
3.8252e-13;
2.3641e-13;
1.4611e-13;
9.03e-14;
5.5808e-14;
3.4491e-14;
2.1317e-14;
1.3175e-14;
8.1423e-15;
5.0322e-15;
3.1101e-15;
1.9221e-15;
1.1879e-15;
7.3419e-16;
4.5376e-16;
2.8044e-16;
1.7332e-16;
1.0712e-16;
6.6202e-17;
4.0915e-17;
2.5287e-17;
1.5628e-17;
9.6588e-18;
5.9694e-18;
3.6893e-18;
2.2801e-18;
1.4092e-18;
8.7095e-19;
5.3823e-19;
3.3272e-19;
2.0551e-19;
1.2722e-19;
7.8288e-20;
4.893e-20;
2.9358e-20;
25.629;
15.84;
9.7894;
6.0502;
3.7392;
2.311;
1.4282;
0.88271;
0.54554;
0.33716;
0.20838;
0.12879;
0.079594;
0.049192;
0.030402;
0.01879;
0.011613;
0.007177;
0.0044356;
0.0027414;
0.0016942;
0.0010471;
0.00064715;
0.00039996;
0.00024719;
0.00015277;
9.4417e-05;
5.8353e-05;
3.6064e-05;
2.2289e-05;
1.3775e-05;
8.5136e-06;
5.2617e-06;
3.2519e-06;
2.0098e-06;
1.2421e-06;
7.6767e-07;
4.7445e-07;
2.9322e-07;
1.8122e-07;
1.12e-07;
6.9221e-08;
4.2781e-08;
2.644e-08;
1.6341e-08;
1.0099e-08;
6.2416e-09;
3.8575e-09;
2.3841e-09;
1.4735e-09;
9.1064e-10;
5.6281e-10;
3.4783e-10;
2.1497e-10;
1.3286e-10;
8.2113e-11;
5.0748e-11;
3.1364e-11;
1.9384e-11;
1.198e-11;
7.4041e-12;
4.576e-12;
2.8281e-12;
1.7479e-12;
1.0802e-12;
6.6763e-13;
4.1262e-13;
2.5501e-13;
1.5761e-13;
9.7405e-14;
6.02e-14;
3.7206e-14;
2.2994e-14;
1.4211e-14;
8.783e-15;
5.4282e-15;
3.3548e-15;
2.0734e-15;
1.2814e-15;
7.9197e-16;
4.8946e-16;
3.025e-16;
1.8696e-16;
1.1555e-16;
7.1412e-17;
4.4135e-17;
2.7277e-17;
1.6858e-17;
1.0419e-17;
6.4392e-18;
3.9796e-18;
2.4595e-18;
1.5201e-18;
9.3945e-19;
5.8063e-19;
3.5882e-19;
2.2182e-19;
1.37e-19;
8.4812e-20;
5.2192e-20;
3.262e-20;
1.9572e-20;
2.25;
1.3906;
0.85942;
0.53115;
0.32827;
0.20288;
0.12539;
0.077494;
0.047894;
0.0296;
0.018294;
0.011306;
0.0069876;
0.0043186;
0.002669;
0.0016496;
0.0010195;
0.00063008;
0.00038941;
0.00024067;
0.00014874;
9.1927e-05;
5.6814e-05;
3.5113e-05;
2.1701e-05;
1.3412e-05;
8.289e-06;
5.1229e-06;
3.1661e-06;
1.9568e-06;
1.2094e-06;
7.4742e-07;
4.6193e-07;
2.8549e-07;
1.7644e-07;
1.0905e-07;
6.7395e-08;
4.1652e-08;
2.5743e-08;
1.591e-08;
9.8328e-09;
6.077e-09;
3.7558e-09;
2.3212e-09;
1.4346e-09;
8.8662e-10;
5.4796e-10;
3.3866e-10;
2.093e-10;
1.2936e-10;
7.9947e-11;
4.941e-11;
3.0537e-11;
1.8873e-11;
1.1664e-11;
7.2088e-12;
4.4553e-12;
2.7535e-12;
1.7018e-12;
1.0517e-12;
6.5002e-13;
4.0173e-13;
2.4828e-13;
1.5345e-13;
9.4836e-14;
5.8612e-14;
3.6224e-14;
2.2388e-14;
1.3836e-14;
8.5514e-15;
5.285e-15;
3.2663e-15;
2.0187e-15;
1.2476e-15;
7.7108e-16;
4.7655e-16;
2.9452e-16;
1.8203e-16;
1.125e-16;
6.9528e-17;
4.2971e-17;
2.6557e-17;
1.6413e-17;
1.0144e-17;
6.2693e-18;
3.8747e-18;
2.3947e-18;
1.48e-18;
9.1467e-19;
5.6532e-19;
3.4935e-19;
2.1596e-19;
1.3339e-19;
8.2575e-20;
5.0815e-20;
3.1759e-20;
1.9056e-20;
7.5938;
4.6932;
2.9006;
1.7926;
1.1079;
0.68473;
0.42319;
0.26154;
0.16164;
0.0999;
0.061742;
0.038159;
0.023583;
0.014575;
0.009008;
0.0055673;
0.0034408;
0.0021265;
0.0013143;
0.00081225;
0.000502;
0.00031025;
0.00019175;
0.00011851;
7.3241e-05;
4.5265e-05;
2.7975e-05;
1.729e-05;
1.0686e-05;
6.6041e-06;
4.0816e-06;
2.5225e-06;
1.559e-06;
9.6353e-07;
5.9549e-07;
3.6803e-07;
2.2746e-07;
1.4058e-07;
8.6881e-08;
5.3696e-08;
3.3186e-08;
2.051e-08;
1.2676e-08;
7.8341e-09;
4.8417e-09;
2.9924e-09;
1.8494e-09;
1.143e-09;
7.064e-10;
4.3658e-10;
2.6982e-10;
1.6676e-10;
1.0306e-10;
6.3696e-11;
3.9366e-11;
2.433e-11;
1.5037e-11;
9.2931e-12;
5.7435e-12;
3.5496e-12;
2.1938e-12;
1.3558e-12;
8.3796e-13;
5.1789e-13;
3.2007e-13;
1.9782e-13;
1.2226e-13;
7.5559e-14;
4.6698e-14;
2.8861e-14;
1.7837e-14;
1.1024e-14;
6.8131e-15;
4.2107e-15;
2.6024e-15;
1.6084e-15;
9.9402e-16;
6.1434e-16;
3.7968e-16;
2.3466e-16;
1.4503e-16;
8.9631e-17;
5.5395e-17;
3.4236e-17;
2.1159e-17;
1.3077e-17;
8.082e-18;
4.995e-18;
3.087e-18;
1.9079e-18;
1.1791e-18;
7.2877e-19;
4.5037e-19;
2.7841e-19;
1.7196e-19;
1.0645e-19;
6.5508e-20;
4.0942e-20;
2.4565e-20;
5.0625;
3.1288;
1.9337;
1.1951;
0.73861;
0.45649;
0.28212;
0.17436;
0.10776;
0.0666;
0.041161;
0.025439;
0.015722;
0.0097169;
0.0060053;
0.0037115;
0.0022938;
0.0014177;
0.00087617;
0.0005415;
0.00033467;
0.00020684;
0.00012783;
7.9004e-05;
4.8827e-05;
3.0177e-05;
1.865e-05;
1.1527e-05;
7.1238e-06;
4.4027e-06;
2.721e-06;
1.6817e-06;
1.0393e-06;
6.4235e-07;
3.97e-07;
2.4536e-07;
1.5164e-07;
9.3718e-08;
5.7921e-08;
3.5797e-08;
2.2124e-08;
1.3673e-08;
8.4505e-09;
5.2227e-09;
3.2278e-09;
1.9949e-09;
1.2329e-09;
7.6199e-10;
4.7093e-10;
2.9105e-10;
1.7988e-10;
1.1117e-10;
6.8709e-11;
4.2462e-11;
2.624e-11;
1.6207e-11;
1.0019e-11;
6.1888e-12;
3.8227e-12;
2.3661e-12;
1.4708e-12;
9.0949e-13;
5.6133e-13;
3.4106e-13;
2.1316e-13;
1.35e-13;
8.5265e-14;
4.9738e-14;
2.8422e-14;
1.4211e-14;
7.1054e-15;
7.1054e-15;
7.1054e-15;
7.1054e-15;
7.1054e-15;
7.1054e-15;
7.1054e-15;
7.1054e-15;
7.1054e-15;
7.1054e-15;
7.1054e-15;
7.1054e-15;
7.1054e-15;
7.1054e-15;
7.1054e-15;
7.1054e-15;
7.1054e-15;
7.1054e-15;
7.1054e-15;
7.1054e-15;
7.1054e-15;
7.1054e-15;
7.1054e-15;
7.1054e-15;
7.1054e-15;
7.1054e-15;
7.1054e-15;
7.1054e-15;
2.25;
1.3906;
0.85942;
0.53115;
0.32827;
0.20288;
0.12539;
0.077494;
0.047894;
0.0296;
0.018294;
0.011306;
0.0069876;
0.0043186;
0.002669;
0.0016496;
0.0010195;
0.00063008;
0.00038941;
0.00024067;
0.00014874;
9.1927e-05;
5.6814e-05;
3.5113e-05;
2.1701e-05;
1.3412e-05;
8.289e-06;
5.1229e-06;
3.1661e-06;
1.9568e-06;
1.2094e-06;
7.4742e-07;
4.6193e-07;
2.8549e-07;
1.7644e-07;
1.0905e-07;
6.7395e-08;
4.1652e-08;
2.5743e-08;
1.591e-08;
9.8328e-09;
6.077e-09;
3.7558e-09;
2.3212e-09;
1.4346e-09;
8.8663e-10;
5.4797e-10;
3.3867e-10;
2.093e-10;
1.2935e-10;
7.9936e-11;
4.9404e-11;
3.0539e-11;
1.8872e-11;
1.166e-11;
7.2049e-12;
4.4551e-12;
2.7569e-12;
1.7053e-12;
1.0516e-12;
6.4659e-13;
3.979e-13;
2.4869e-13;
1.6342e-13;
9.9476e-14;
6.3949e-14;
4.2633e-14;
2.8422e-14;
1.4211e-14;
7.1054e-15;
7.1054e-15;
7.1054e-15;
7.1054e-15;
7.1054e-15;
7.1054e-15;
7.1054e-15;
7.1054e-15;
7.1054e-15;
7.1054e-15;
7.1054e-15;
7.1054e-15;
7.1054e-15;
7.1054e-15;
7.1054e-15;
7.1054e-15;
7.1054e-15;
7.1054e-15;
7.1054e-15;
7.1054e-15;
7.1054e-15;
7.1054e-15;
7.1054e-15;
7.1054e-15;
7.1054e-15;
7.1054e-15;
7.1054e-15;
7.1054e-15;
25.629;
15.84;
9.7894;
6.0502;
3.7392;
2.311;
1.4282;
0.88271;
0.54554;
0.33716;
0.20838;
0.12879;
0.079594;
0.049192;
0.030402;
0.01879;
0.011613;
0.007177;
0.0044356;
0.0027414;
0.0016942;
0.0010471;
0.00064715;
0.00039996;
0.00024719;
0.00015277;
9.4417e-05;
5.8353e-05;
3.6064e-05;
2.2289e-05;
1.3775e-05;
8.5136e-06;
5.2617e-06;
3.2519e-06;
2.0098e-06;
1.2421e-06;
7.6767e-07;
4.7445e-07;
2.9322e-07;
1.8122e-07;
1.12e-07;
6.9221e-08;
4.2781e-08;
2.644e-08;
1.6341e-08;
1.0099e-08;
6.2416e-09;
3.8575e-09;
2.3841e-09;
1.4735e-09;
9.1064e-10;
5.6281e-10;
3.4783e-10;
2.1497e-10;
1.3286e-10;
8.2113e-11;
5.0748e-11;
3.1364e-11;
1.9384e-11;
1.198e-11;
7.4041e-12;
4.576e-12;
2.8281e-12;
1.7479e-12;
1.0802e-12;
6.6763e-13;
4.1262e-13;
2.5501e-13;
1.5761e-13;
9.7405e-14;
6.02e-14;
3.7206e-14;
2.2994e-14;
1.4211e-14;
8.783e-15;
5.4282e-15;
3.3548e-15;
2.0734e-15;
1.2814e-15;
7.9197e-16;
4.8946e-16;
3.025e-16;
1.8696e-16;
1.1555e-16;
7.1412e-17;
4.4135e-17;
2.7277e-17;
1.6858e-17;
1.0419e-17;
6.4392e-18;
3.9796e-18;
2.4595e-18;
1.5201e-18;
9.3945e-19;
5.8063e-19;
3.5882e-19;
2.2182e-19;
1.37e-19;
8.4812e-20;
5.2192e-20;
3.262e-20;
1.9572e-20;
17.086;
10.56;
6.5262;
4.0334;
2.4928;
1.5406;
0.95217;
0.58847;
0.3637;
0.22478;
0.13892;
0.085857;
0.053062;
0.032794;
0.020268;
0.012526;
0.0077417;
0.0047846;
0.0029571;
0.0018276;
0.0011295;
0.00069807;
0.00043143;
0.00026664;
0.00016479;
0.00010185;
6.2945e-05;
3.8902e-05;
2.4043e-05;
1.4859e-05;
9.1835e-06;
5.6757e-06;
3.5078e-06;
2.1679e-06;
1.3399e-06;
8.2808e-07;
5.1178e-07;
3.163e-07;
1.9548e-07;
1.2081e-07;
7.4668e-08;
4.6147e-08;
2.8521e-08;
1.7627e-08;
1.0894e-08;
6.7328e-09;
4.1611e-09;
2.5717e-09;
1.5894e-09;
9.823e-10;
6.0709e-10;
3.752e-10;
2.3189e-10;
1.4332e-10;
8.8576e-11;
5.474e-11;
3.3829e-11;
2.0911e-11;
1.2925e-11;
7.9865e-12;
4.9383e-12;
3.0553e-12;
1.89e-12;
1.1653e-12;
7.1765e-13;
4.4054e-13;
2.7001e-13;
1.6342e-13;
9.9476e-14;
6.3949e-14;
4.2633e-14;
2.8422e-14;
1.4211e-14;
7.1054e-15;
1.4211e-14;
7.1054e-15;
7.1054e-15;
7.1054e-15;
7.1054e-15;
7.1054e-15;
7.1054e-15;
7.1054e-15;
7.1054e-15;
7.1054e-15;
7.1054e-15;
7.1054e-15;
7.1054e-15;
7.1054e-15;
7.1054e-15;
7.1054e-15;
7.1054e-15;
7.1054e-15;
7.1054e-15;
7.1054e-15;
7.1054e-15;
7.1054e-15;
7.1054e-15;
7.1054e-15;
7.1054e-15;
7.1054e-15;
7.1054e-15;
25.629;
15.84;
9.7894;
6.0502;
3.7392;
2.311;
1.4282;
0.88271;
0.54554;
0.33716;
0.20838;
0.12879;
0.079594;
0.049192;
0.030402;
0.01879;
0.011613;
0.007177;
0.0044356;
0.0027414;
0.0016942;
0.0010471;
0.00064715;
0.00039996;
0.00024719;
0.00015277;
9.4417e-05;
5.8353e-05;
3.6064e-05;
2.2289e-05;
1.3775e-05;
8.5136e-06;
5.2617e-06;
3.2519e-06;
2.0098e-06;
1.2421e-06;
7.6767e-07;
4.7445e-07;
2.9322e-07;
1.8122e-07;
1.12e-07;
6.9221e-08;
4.2781e-08;
2.644e-08;
1.6341e-08;
1.0099e-08;
6.2416e-09;
3.8575e-09;
2.3841e-09;
1.4735e-09;
9.1064e-10;
5.6281e-10;
3.4783e-10;
2.1497e-10;
1.3286e-10;
8.2113e-11;
5.0748e-11;
3.1364e-11;
1.9384e-11;
1.198e-11;
7.4041e-12;
4.576e-12;
2.8281e-12;
1.7479e-12;
1.0802e-12;
6.6763e-13;
4.1262e-13;
2.5501e-13;
1.5761e-13;
9.7405e-14;
6.02e-14;
3.7206e-14;
2.2994e-14;
1.4211e-14;
8.783e-15;
5.4282e-15;
3.3548e-15;
2.0734e-15;
1.2814e-15;
7.9197e-16;
4.8946e-16;
3.025e-16;
1.8696e-16;
1.1555e-16;
7.1412e-17;
4.4135e-17;
2.7277e-17;
1.6858e-17;
1.0419e-17;
6.4392e-18;
3.9796e-18;
2.4595e-18;
1.5201e-18;
9.3945e-19;
5.8063e-19;
3.5882e-19;
2.2182e-19;
1.37e-19;
8.4812e-20;
5.2192e-20;
3.262e-20;
1.9572e-20;
11.391;
7.0398;
4.3508;
2.689;
1.6619;
1.0271;
0.63478;
0.39231;
0.24246;
0.14985;
0.092613;
0.057238;
0.035375;
0.021863;
0.013512;
0.0083509;
0.0051611;
0.0031898;
0.0019714;
0.0012184;
0.000753;
0.00046538;
0.00028762;
0.00017776;
0.00010986;
6.7898e-05;
4.1963e-05;
2.5935e-05;
1.6029e-05;
9.9062e-06;
6.1224e-06;
3.7838e-06;
2.3385e-06;
1.4453e-06;
8.9324e-07;
5.5205e-07;
3.4119e-07;
2.1087e-07;
1.3032e-07;
8.0543e-08;
4.9779e-08;
3.0765e-08;
1.9014e-08;
1.1751e-08;
7.2626e-09;
4.4885e-09;
2.7741e-09;
1.7145e-09;
1.0596e-09;
6.5487e-10;
4.0473e-10;
2.5014e-10;
1.5459e-10;
9.5544e-11;
5.9049e-11;
3.6494e-11;
2.2555e-11;
1.394e-11;
8.6152e-12;
5.3245e-12;
3.2907e-12;
2.0338e-12;
1.2569e-12;
7.7683e-13;
4.8011e-13;
2.9672e-13;
1.8338e-13;
1.1334e-13;
7.0047e-14;
4.3291e-14;
2.6755e-14;
1.6536e-14;
1.022e-14;
6.3161e-15;
3.9036e-15;
2.4125e-15;
1.491e-15;
9.2151e-16;
5.6952e-16;
3.5198e-16;
2.1754e-16;
1.3445e-16;
8.3092e-17;
5.1354e-17;
3.1738e-17;
1.9615e-17;
1.2123e-17;
7.4924e-18;
4.6306e-18;
2.8619e-18;
1.7687e-18;
1.0931e-18;
6.7561e-19;
4.1751e-19;
2.581e-19;
1.5941e-19;
9.8685e-20;
6.0729e-20;
3.7956e-20;
2.2773e-20;
25.629;
15.84;
9.7894;
6.0502;
3.7392;
2.311;
1.4282;
0.88271;
0.54554;
0.33716;
0.20838;
0.12879;
0.079594;
0.049192;
0.030402;
0.01879;
0.011613;
0.007177;
0.0044356;
0.0027414;
0.0016942;
0.0010471;
0.00064715;
0.00039996;
0.00024719;
0.00015277;
9.4417e-05;
5.8353e-05;
3.6064e-05;
2.2289e-05;
1.3775e-05;
8.5136e-06;
5.2617e-06;
3.2519e-06;
2.0098e-06;
1.2421e-06;
7.6767e-07;
4.7445e-07;
2.9322e-07;
1.8122e-07;
1.12e-07;
6.9221e-08;
4.2781e-08;
2.644e-08;
1.6341e-08;
1.0099e-08;
6.2416e-09;
3.8575e-09;
2.3841e-09;
1.4735e-09;
9.1064e-10;
5.6281e-10;
3.4783e-10;
2.1497e-10;
1.3286e-10;
8.2113e-11;
5.0748e-11;
3.1364e-11;
1.9384e-11;
1.198e-11;
7.4041e-12;
4.576e-12;
2.8281e-12;
1.7479e-12;
1.0802e-12;
6.6763e-13;
4.1262e-13;
2.5501e-13;
1.5761e-13;
9.7405e-14;
6.02e-14;
3.7206e-14;
2.2994e-14;
1.4211e-14;
8.783e-15;
5.4282e-15;
3.3548e-15;
2.0734e-15;
1.2814e-15;
7.9197e-16;
4.8946e-16;
3.025e-16;
1.8696e-16;
1.1555e-16;
7.1412e-17;
4.4135e-17;
2.7277e-17;
1.6858e-17;
1.0419e-17;
6.4392e-18;
3.9796e-18;
2.4595e-18;
1.5201e-18;
9.3945e-19;
5.8063e-19;
3.5882e-19;
2.2182e-19;
1.37e-19;
8.4812e-20;
5.2192e-20;
3.262e-20;
1.9572e-20;
7.5938;
4.6932;
2.9006;
1.7926;
1.1079;
0.68473;
0.42319;
0.26154;
0.16164;
0.0999;
0.061742;
0.038159;
0.023583;
0.014575;
0.009008;
0.0055673;
0.0034408;
0.0021265;
0.0013143;
0.00081225;
0.000502;
0.00031025;
0.00019175;
0.00011851;
7.3241e-05;
4.5265e-05;
2.7975e-05;
1.729e-05;
1.0686e-05;
6.6041e-06;
4.0816e-06;
2.5225e-06;
1.559e-06;
9.6353e-07;
5.9549e-07;
3.6803e-07;
2.2746e-07;
1.4058e-07;
8.6881e-08;
5.3696e-08;
3.3186e-08;
2.051e-08;
1.2676e-08;
7.8341e-09;
4.8417e-09;
2.9924e-09;
1.8494e-09;
1.143e-09;
7.0639e-10;
4.3657e-10;
2.6981e-10;
1.6676e-10;
1.0306e-10;
6.3693e-11;
3.9364e-11;
2.4329e-11;
1.5035e-11;
9.2939e-12;
5.7412e-12;
3.5456e-12;
2.1814e-12;
1.3429e-12;
8.3134e-13;
5.187e-13;
3.1974e-13;
2.0606e-13;
1.279e-13;
7.816e-14;
4.9738e-14;
3.5527e-14;
2.1316e-14;
2.1316e-14;
2.1316e-14;
2.1316e-14;
2.1316e-14;
2.1316e-14;
2.1316e-14;
2.1316e-14;
2.1316e-14;
2.1316e-14;
2.1316e-14;
2.1316e-14;
2.1316e-14;
2.1316e-14;
2.1316e-14;
2.1316e-14;
2.1316e-14;
2.1316e-14;
2.1316e-14;
2.1316e-14;
2.1316e-14;
2.1316e-14;
2.1316e-14;
2.1316e-14;
2.1316e-14;
2.1316e-14;
2.1316e-14;
2.1316e-14;
2.1316e-14;
17.086;
10.56;
6.5262;
4.0334;
2.4928;
1.5406;
0.95217;
0.58847;
0.3637;
0.22478;
0.13892;
0.085857;
0.053062;
0.032794;
0.020268;
0.012526;
0.0077417;
0.0047846;
0.0029571;
0.0018276;
0.0011295;
0.00069807;
0.00043143;
0.00026664;
0.00016479;
0.00010185;
6.2945e-05;
3.8902e-05;
2.4043e-05;
1.4859e-05;
9.1835e-06;
5.6757e-06;
3.5078e-06;
2.1679e-06;
1.3399e-06;
8.2808e-07;
5.1178e-07;
3.163e-07;
1.9548e-07;
1.2081e-07;
7.4668e-08;
4.6147e-08;
2.8521e-08;
1.7627e-08;
1.0894e-08;
6.7328e-09;
4.1611e-09;
2.5717e-09;
1.5894e-09;
9.823e-10;
6.0709e-10;
3.752e-10;
2.3188e-10;
1.4331e-10;
8.8576e-11;
5.474e-11;
3.3829e-11;
2.0904e-11;
1.2918e-11;
7.9865e-12;
4.9383e-12;
3.0553e-12;
1.89e-12;
1.1653e-12;
7.1765e-13;
4.4054e-13;
2.7001e-13;
1.6342e-13;
1.0658e-13;
6.3949e-14;
3.5527e-14;
2.1316e-14;
2.1316e-14;
2.1316e-14;
2.1316e-14;
2.1316e-14;
2.1316e-14;
2.1316e-14;
2.1316e-14;
2.1316e-14;
2.1316e-14;
2.1316e-14;
2.1316e-14;
2.1316e-14;
2.1316e-14;
2.1316e-14;
2.1316e-14;
2.1316e-14;
2.1316e-14;
2.1316e-14;
2.1316e-14;
2.1316e-14;
2.1316e-14;
2.1316e-14;
2.1316e-14;
2.1316e-14;
2.1316e-14;
2.1316e-14;
2.1316e-14;
2.1316e-14;
2.1316e-14;
25.629;
15.84;
9.7894;
6.0502;
3.7392;
2.311;
1.4282;
0.88271;
0.54554;
0.33716;
0.20838;
0.12879;
0.079594;
0.049192;
0.030402;
0.01879;
0.011613;
0.007177;
0.0044356;
0.0027414;
0.0016942;
0.0010471;
0.00064715;
0.00039996;
0.00024719;
0.00015277;
9.4417e-05;
5.8353e-05;
3.6064e-05;
2.2289e-05;
1.3775e-05;
8.5136e-06;
5.2617e-06;
3.2519e-06;
2.0098e-06;
1.2421e-06;
7.6767e-07;
4.7445e-07;
2.9322e-07;
1.8122e-07;
1.12e-07;
6.9221e-08;
4.2781e-08;
2.644e-08;
1.6341e-08;
1.0099e-08;
6.2416e-09;
3.8575e-09;
2.3841e-09;
1.4735e-09;
9.1065e-10;
5.6281e-10;
3.4783e-10;
2.1497e-10;
1.3286e-10;
8.211e-11;
5.0747e-11;
3.1363e-11;
1.9384e-11;
1.198e-11;
7.4039e-12;
4.5759e-12;
2.828e-12;
1.7479e-12;
1.08e-12;
6.6791e-13;
4.1211e-13;
2.558e-13;
1.5632e-13;
9.9476e-14;
6.3949e-14;
4.2633e-14;
2.8422e-14;
1.4211e-14;
7.1054e-15;
7.1054e-15;
7.1054e-15;
7.1054e-15;
7.1054e-15;
7.1054e-15;
7.1054e-15;
7.1054e-15;
7.1054e-15;
7.1054e-15;
7.1054e-15;
7.1054e-15;
7.1054e-15;
7.1054e-15;
7.1054e-15;
7.1054e-15;
7.1054e-15;
7.1054e-15;
7.1054e-15;
7.1054e-15;
7.1054e-15;
7.1054e-15;
7.1054e-15;
7.1054e-15;
7.1054e-15;
7.1054e-15;
7.1054e-15;
7.1054e-15;
38.443;
23.759;
14.684;
9.0752;
5.6088;
3.4664;
2.1424;
1.3241;
0.81831;
0.50575;
0.31257;
0.19318;
0.11939;
0.073787;
0.045603;
0.028184;
0.017419;
0.010765;
0.0066534;
0.004112;
0.0025414;
0.0015707;
0.00097072;
0.00059994;
0.00037078;
0.00022916;
0.00014163;
8.753e-05;
5.4096e-05;
3.3433e-05;
2.0663e-05;
1.277e-05;
7.8925e-06;
4.8779e-06;
3.0147e-06;
1.8632e-06;
1.1515e-06;
7.1167e-07;
4.3984e-07;
2.7183e-07;
1.68e-07;
1.0383e-07;
6.4171e-08;
3.966e-08;
2.4511e-08;
1.5149e-08;
9.3625e-09;
5.7863e-09;
3.5761e-09;
2.2102e-09;
1.366e-09;
8.4421e-10;
5.2175e-10;
3.2246e-10;
1.9929e-10;
1.2317e-10;
7.6123e-11;
4.7046e-11;
2.9076e-11;
1.797e-11;
1.1106e-11;
6.864e-12;
4.2422e-12;
2.6218e-12;
1.6204e-12;
1.0014e-12;
6.1892e-13;
3.8252e-13;
2.3641e-13;
1.4611e-13;
9.03e-14;
5.5808e-14;
3.4491e-14;
2.1317e-14;
1.3175e-14;
8.1423e-15;
5.0322e-15;
3.1101e-15;
1.9221e-15;
1.1879e-15;
7.3419e-16;
4.5376e-16;
2.8044e-16;
1.7332e-16;
1.0712e-16;
6.6202e-17;
4.0915e-17;
2.5287e-17;
1.5628e-17;
9.6588e-18;
5.9694e-18;
3.6893e-18;
2.2801e-18;
1.4092e-18;
8.7095e-19;
5.3823e-19;
3.3272e-19;
2.0551e-19;
1.2722e-19;
7.8288e-20;
4.893e-20;
2.9358e-20;
17.086;
10.56;
6.5262;
4.0334;
2.4928;
1.5406;
0.95217;
0.58847;
0.3637;
0.22478;
0.13892;
0.085857;
0.053062;
0.032794;
0.020268;
0.012526;
0.0077417;
0.0047846;
0.0029571;
0.0018276;
0.0011295;
0.00069807;
0.00043143;
0.00026664;
0.00016479;
0.00010185;
6.2945e-05;
3.8902e-05;
2.4043e-05;
1.4859e-05;
9.1835e-06;
5.6757e-06;
3.5078e-06;
2.1679e-06;
1.3399e-06;
8.2808e-07;
5.1178e-07;
3.163e-07;
1.9548e-07;
1.2081e-07;
7.4668e-08;
4.6147e-08;
2.8521e-08;
1.7627e-08;
1.0894e-08;
6.7328e-09;
4.1611e-09;
2.5717e-09;
1.5894e-09;
9.823e-10;
6.071e-10;
3.7521e-10;
2.3189e-10;
1.4332e-10;
8.8574e-11;
5.4742e-11;
3.3832e-11;
2.0909e-11;
1.2923e-11;
7.9867e-12;
4.9361e-12;
3.0507e-12;
1.8854e-12;
1.1652e-12;
7.2016e-13;
4.4508e-13;
2.7508e-13;
1.7001e-13;
1.0507e-13;
6.4937e-14;
4.0133e-14;
2.4804e-14;
1.533e-14;
9.4742e-15;
5.8554e-15;
3.6188e-15;
2.2365e-15;
1.3823e-15;
8.5429e-16;
5.2798e-16;
3.2631e-16;
2.0167e-16;
1.2464e-16;
7.7031e-17;
4.7608e-17;
2.9423e-17;
1.8185e-17;
1.1239e-17;
6.9459e-18;
4.2928e-18;
2.6531e-18;
1.6397e-18;
1.0134e-18;
6.2632e-19;
3.8705e-19;
2.3927e-19;
1.4778e-19;
9.1486e-20;
5.6299e-20;
3.5187e-20;
2.1112e-20;
38.443;
23.759;
14.684;
9.0752;
5.6088;
3.4664;
2.1424;
1.3241;
0.81831;
0.50575;
0.31257;
0.19318;
0.11939;
0.073787;
0.045603;
0.028184;
0.017419;
0.010765;
0.0066534;
0.004112;
0.0025414;
0.0015707;
0.00097072;
0.00059994;
0.00037078;
0.00022916;
0.00014163;
8.753e-05;
5.4096e-05;
3.3433e-05;
2.0663e-05;
1.277e-05;
7.8925e-06;
4.8779e-06;
3.0147e-06;
1.8632e-06;
1.1515e-06;
7.1167e-07;
4.3984e-07;
2.7183e-07;
1.68e-07;
1.0383e-07;
6.4171e-08;
3.966e-08;
2.4511e-08;
1.5149e-08;
9.3625e-09;
5.7863e-09;
3.5761e-09;
2.2102e-09;
1.366e-09;
8.4421e-10;
5.2175e-10;
3.2246e-10;
1.9929e-10;
1.2317e-10;
7.6123e-11;
4.7046e-11;
2.9076e-11;
1.797e-11;
1.1106e-11;
6.864e-12;
4.2422e-12;
2.6218e-12;
1.6204e-12;
1.0014e-12;
6.1892e-13;
3.8252e-13;
2.3641e-13;
1.4611e-13;
9.03e-14;
5.5808e-14;
3.4491e-14;
2.1317e-14;
1.3175e-14;
8.1423e-15;
5.0322e-15;
3.1101e-15;
1.9221e-15;
1.1879e-15;
7.3419e-16;
4.5376e-16;
2.8044e-16;
1.7332e-16;
1.0712e-16;
6.6202e-17;
4.0915e-17;
2.5287e-17;
1.5628e-17;
9.6588e-18;
5.9694e-18;
3.6893e-18;
2.2801e-18;
1.4092e-18;
8.7095e-19;
5.3823e-19;
3.3272e-19;
2.0551e-19;
1.2722e-19;
7.8288e-20;
4.893e-20;
2.9358e-20;
25.629;
15.84;
9.7894;
6.0502;
3.7392;
2.311;
1.4282;
0.88271;
0.54554;
0.33716;
0.20838;
0.12879;
0.079594;
0.049192;
0.030402;
0.01879;
0.011613;
0.007177;
0.0044356;
0.0027414;
0.0016942;
0.0010471;
0.00064715;
0.00039996;
0.00024719;
0.00015277;
9.4417e-05;
5.8353e-05;
3.6064e-05;
2.2289e-05;
1.3775e-05;
8.5136e-06;
5.2617e-06;
3.2519e-06;
2.0098e-06;
1.2421e-06;
7.6767e-07;
4.7445e-07;
2.9322e-07;
1.8122e-07;
1.12e-07;
6.9221e-08;
4.2781e-08;
2.644e-08;
1.6341e-08;
1.0099e-08;
6.2416e-09;
3.8575e-09;
2.3841e-09;
1.4735e-09;
9.1065e-10;
5.6281e-10;
3.4783e-10;
2.1497e-10;
1.3286e-10;
8.2117e-11;
5.0754e-11;
3.137e-11;
1.9391e-11;
1.1987e-11;
7.411e-12;
4.583e-12;
2.8351e-12;
1.755e-12;
1.0871e-12;
6.7502e-13;
4.1922e-13;
2.558e-13;
1.5632e-13;
9.9476e-14;
6.3949e-14;
4.2633e-14;
2.8422e-14;
1.4211e-14;
7.1054e-15;
7.1054e-15;
7.1054e-15;
7.1054e-15;
7.1054e-15;
7.1054e-15;
7.1054e-15;
7.1054e-15;
7.1054e-15;
7.1054e-15;
7.1054e-15;
7.1054e-15;
7.1054e-15;
7.1054e-15;
7.1054e-15;
7.1054e-15;
7.1054e-15;
7.1054e-15;
7.1054e-15;
7.1054e-15;
7.1054e-15;
7.1054e-15;
7.1054e-15;
7.1054e-15;
7.1054e-15;
7.1054e-15;
7.1054e-15;
7.1054e-15;
38.443;
23.759;
14.684;
9.0752;
5.6088;
3.4664;
2.1424;
1.3241;
0.81831;
0.50575;
0.31257;
0.19318;
0.11939;
0.073787;
0.045603;
0.028184;
0.017419;
0.010765;
0.0066534;
0.004112;
0.0025414;
0.0015707;
0.00097072;
0.00059994;
0.00037078;
0.00022916;
0.00014163;
8.753e-05;
5.4096e-05;
3.3433e-05;
2.0663e-05;
1.277e-05;
7.8925e-06;
4.8779e-06;
3.0147e-06;
1.8632e-06;
1.1515e-06;
7.1167e-07;
4.3984e-07;
2.7183e-07;
1.68e-07;
1.0383e-07;
6.4171e-08;
3.966e-08;
2.4511e-08;
1.5149e-08;
9.3625e-09;
5.7863e-09;
3.5761e-09;
2.2102e-09;
1.366e-09;
8.4421e-10;
5.2175e-10;
3.2246e-10;
1.9929e-10;
1.2317e-10;
7.6123e-11;
4.7046e-11;
2.9076e-11;
1.797e-11;
1.1106e-11;
6.864e-12;
4.2422e-12;
2.6218e-12;
1.6204e-12;
1.0014e-12;
6.1892e-13;
3.8252e-13;
2.3641e-13;
1.4611e-13;
9.03e-14;
5.5808e-14;
3.4491e-14;
2.1317e-14;
1.3175e-14;
8.1423e-15;
5.0322e-15;
3.1101e-15;
1.9221e-15;
1.1879e-15;
7.3419e-16;
4.5376e-16;
2.8044e-16;
1.7332e-16;
1.0712e-16;
6.6202e-17;
4.0915e-17;
2.5287e-17;
1.5628e-17;
9.6588e-18;
5.9694e-18;
3.6893e-18;
2.2801e-18;
1.4092e-18;
8.7095e-19;
5.3823e-19;
3.3272e-19;
2.0551e-19;
1.2722e-19;
7.8288e-20;
4.893e-20;
2.9358e-20;
11.391;
7.0398;
4.3508;
2.689;
1.6619;
1.0271;
0.63478;
0.39231;
0.24246;
0.14985;
0.092613;
0.057238;
0.035375;
0.021863;
0.013512;
0.0083509;
0.0051611;
0.0031898;
0.0019714;
0.0012184;
0.000753;
0.00046538;
0.00028762;
0.00017776;
0.00010986;
6.7898e-05;
4.1963e-05;
2.5935e-05;
1.6029e-05;
9.9062e-06;
6.1224e-06;
3.7838e-06;
2.3385e-06;
1.4453e-06;
8.9324e-07;
5.5205e-07;
3.4119e-07;
2.1087e-07;
1.3032e-07;
8.0543e-08;
4.9779e-08;
3.0765e-08;
1.9014e-08;
1.1751e-08;
7.2626e-09;
4.4885e-09;
2.7741e-09;
1.7145e-09;
1.0596e-09;
6.5487e-10;
4.0473e-10;
2.5014e-10;
1.5459e-10;
9.5544e-11;
5.9049e-11;
3.6494e-11;
2.2555e-11;
1.394e-11;
8.6152e-12;
5.3245e-12;
3.2907e-12;
2.0338e-12;
1.2569e-12;
7.7683e-13;
4.8011e-13;
2.9672e-13;
1.8338e-13;
1.1334e-13;
7.0047e-14;
4.3291e-14;
2.6755e-14;
1.6536e-14;
1.022e-14;
6.3161e-15;
3.9036e-15;
2.4125e-15;
1.491e-15;
9.2151e-16;
5.6952e-16;
3.5198e-16;
2.1754e-16;
1.3445e-16;
8.3092e-17;
5.1354e-17;
3.1738e-17;
1.9615e-17;
1.2123e-17;
7.4924e-18;
4.6306e-18;
2.8619e-18;
1.7687e-18;
1.0931e-18;
6.7561e-19;
4.1751e-19;
2.581e-19;
1.5941e-19;
9.8685e-20;
6.0729e-20;
3.7956e-20;
2.2773e-20;
1.5;
0.92705;
0.57295;
0.3541;
0.21885;
0.13525;
0.083592;
0.051663;
0.031929;
0.019733;
0.012196;
0.0075375;
0.0046584;
0.0028791;
0.0017794;
0.0010997;
0.00067966;
0.00042005;
0.00025961;
0.00016044;
9.916e-05;
6.1285e-05;
3.7876e-05;
2.3409e-05;
1.4467e-05;
8.9413e-06;
5.526e-06;
3.4153e-06;
2.1108e-06;
1.3045e-06;
8.0624e-07;
4.9828e-07;
3.0795e-07;
1.9033e-07;
1.1763e-07;
7.2698e-08;
4.493e-08;
2.7768e-08;
1.7162e-08;
1.0607e-08;
6.5552e-09;
4.0513e-09;
2.5039e-09;
1.5475e-09;
9.5639e-10;
5.9108e-10;
3.6531e-10;
2.2577e-10;
1.3954e-10;
8.6238e-11;
5.3298e-11;
3.294e-11;
2.0358e-11;
1.2582e-11;
7.776e-12;
4.8059e-12;
2.9702e-12;
1.8357e-12;
1.1345e-12;
7.0117e-13;
4.3334e-13;
2.6782e-13;
1.6552e-13;
1.023e-13;
6.3224e-14;
3.9075e-14;
2.4149e-14;
1.4925e-14;
9.2243e-15;
5.7009e-15;
3.5234e-15;
2.1776e-15;
1.3458e-15;
8.3175e-16;
5.1405e-16;
3.177e-16;
1.9635e-16;
1.2135e-16;
7.4999e-17;
4.6352e-17;
2.8647e-17;
1.7705e-17;
1.0942e-17;
6.7627e-18;
4.1796e-18;
2.5831e-18;
1.5965e-18;
9.8665e-19;
6.098e-19;
3.7684e-19;
2.3296e-19;
1.4389e-19;
8.9072e-20;
5.4814e-20;
3.4259e-20;
2.0555e-20;
17.086;
10.56;
6.5262;
4.0334;
2.4928;
1.5406;
0.95217;
0.58847;
0.3637;
0.22478;
0.13892;
0.085857;
0.053062;
0.032794;
0.020268;
0.012526;
0.0077417;
0.0047846;
0.0029571;
0.0018276;
0.0011295;
0.00069807;
0.00043143;
0.00026664;
0.00016479;
0.00010185;
6.2945e-05;
3.8902e-05;
2.4043e-05;
1.4859e-05;
9.1835e-06;
5.6757e-06;
3.5078e-06;
2.1679e-06;
1.3399e-06;
8.2808e-07;
5.1178e-07;
3.163e-07;
1.9548e-07;
1.2081e-07;
7.4668e-08;
4.6147e-08;
2.8521e-08;
1.7627e-08;
1.0894e-08;
6.7328e-09;
4.1611e-09;
2.5717e-09;
1.5894e-09;
9.823e-10;
6.071e-10;
3.7521e-10;
2.3189e-10;
1.4332e-10;
8.8574e-11;
5.4742e-11;
3.3832e-11;
2.0909e-11;
1.2923e-11;
7.9867e-12;
4.9361e-12;
3.0507e-12;
1.8854e-12;
1.1652e-12;
7.2016e-13;
4.4508e-13;
2.7508e-13;
1.7001e-13;
1.0507e-13;
6.4937e-14;
4.0133e-14;
2.4804e-14;
1.533e-14;
9.4742e-15;
5.8554e-15;
3.6188e-15;
2.2365e-15;
1.3823e-15;
8.5429e-16;
5.2798e-16;
3.2631e-16;
2.0167e-16;
1.2464e-16;
7.7031e-17;
4.7608e-17;
2.9423e-17;
1.8185e-17;
1.1239e-17;
6.9459e-18;
4.2928e-18;
2.6531e-18;
1.6397e-18;
1.0134e-18;
6.2632e-19;
3.8705e-19;
2.3927e-19;
1.4778e-19;
9.1486e-20;
5.6299e-20;
3.5187e-20;
2.1112e-20;
7.5938;
4.6932;
2.9006;
1.7926;
1.1079;
0.68473;
0.42319;
0.26154;
0.16164;
0.0999;
0.061742;
0.038159;
0.023583;
0.014575;
0.009008;
0.0055673;
0.0034408;
0.0021265;
0.0013143;
0.00081225;
0.000502;
0.00031025;
0.00019175;
0.00011851;
7.3241e-05;
4.5265e-05;
2.7975e-05;
1.729e-05;
1.0686e-05;
6.6041e-06;
4.0816e-06;
2.5225e-06;
1.559e-06;
9.6353e-07;
5.9549e-07;
3.6803e-07;
2.2746e-07;
1.4058e-07;
8.6881e-08;
5.3696e-08;
3.3186e-08;
2.051e-08;
1.2676e-08;
7.8341e-09;
4.8417e-09;
2.9924e-09;
1.8494e-09;
1.143e-09;
7.064e-10;
4.3658e-10;
2.6982e-10;
1.6676e-10;
1.0306e-10;
6.3696e-11;
3.9366e-11;
2.433e-11;
1.5037e-11;
9.2931e-12;
5.7435e-12;
3.5496e-12;
2.1938e-12;
1.3558e-12;
8.3796e-13;
5.1789e-13;
3.2007e-13;
1.9782e-13;
1.2226e-13;
7.5559e-14;
4.6698e-14;
2.8861e-14;
1.7837e-14;
1.1024e-14;
6.8131e-15;
4.2107e-15;
2.6024e-15;
1.6084e-15;
9.9402e-16;
6.1434e-16;
3.7968e-16;
2.3466e-16;
1.4503e-16;
8.9631e-17;
5.5395e-17;
3.4236e-17;
2.1159e-17;
1.3077e-17;
8.082e-18;
4.995e-18;
3.087e-18;
1.9079e-18;
1.1791e-18;
7.2877e-19;
4.5037e-19;
2.7841e-19;
1.7196e-19;
1.0645e-19;
6.5508e-20;
4.0942e-20;
2.4565e-20;
11.391;
7.0398;
4.3508;
2.689;
1.6619;
1.0271;
0.63478;
0.39231;
0.24246;
0.14985;
0.092613;
0.057238;
0.035375;
0.021863;
0.013512;
0.0083509;
0.0051611;
0.0031898;
0.0019714;
0.0012184;
0.000753;
0.00046538;
0.00028762;
0.00017776;
0.00010986;
6.7898e-05;
4.1963e-05;
2.5935e-05;
1.6029e-05;
9.9062e-06;
6.1224e-06;
3.7838e-06;
2.3385e-06;
1.4453e-06;
8.9324e-07;
5.5205e-07;
3.4119e-07;
2.1087e-07;
1.3032e-07;
8.0543e-08;
4.9779e-08;
3.0765e-08;
1.9014e-08;
1.1751e-08;
7.2626e-09;
4.4885e-09;
2.7741e-09;
1.7145e-09;
1.0596e-09;
6.5487e-10;
4.0473e-10;
2.5014e-10;
1.5459e-10;
9.5544e-11;
5.9049e-11;
3.6494e-11;
2.2555e-11;
1.394e-11;
8.6152e-12;
5.3245e-12;
3.2907e-12;
2.0338e-12;
1.2569e-12;
7.7683e-13;
4.8011e-13;
2.9672e-13;
1.8338e-13;
1.1334e-13;
7.0047e-14;
4.3291e-14;
2.6755e-14;
1.6536e-14;
1.022e-14;
6.3161e-15;
3.9036e-15;
2.4125e-15;
1.491e-15;
9.2151e-16;
5.6952e-16;
3.5198e-16;
2.1754e-16;
1.3445e-16;
8.3092e-17;
5.1354e-17;
3.1738e-17;
1.9615e-17;
1.2123e-17;
7.4924e-18;
4.6306e-18;
2.8619e-18;
1.7687e-18;
1.0931e-18;
6.7561e-19;
4.1751e-19;
2.581e-19;
1.5941e-19;
9.8685e-20;
6.0729e-20;
3.7956e-20;
2.2773e-20;
17.086;
10.56;
6.5262;
4.0334;
2.4928;
1.5406;
0.95217;
0.58847;
0.3637;
0.22478;
0.13892;
0.085857;
0.053062;
0.032794;
0.020268;
0.012526;
0.0077417;
0.0047846;
0.0029571;
0.0018276;
0.0011295;
0.00069807;
0.00043143;
0.00026664;
0.00016479;
0.00010185;
6.2945e-05;
3.8902e-05;
2.4043e-05;
1.4859e-05;
9.1835e-06;
5.6757e-06;
3.5078e-06;
2.1679e-06;
1.3399e-06;
8.2808e-07;
5.1178e-07;
3.163e-07;
1.9548e-07;
1.2081e-07;
7.4668e-08;
4.6147e-08;
2.8521e-08;
1.7627e-08;
1.0894e-08;
6.7328e-09;
4.1611e-09;
2.5717e-09;
1.5894e-09;
9.823e-10;
6.0709e-10;
3.752e-10;
2.3189e-10;
1.4332e-10;
8.8576e-11;
5.474e-11;
3.3829e-11;
2.0904e-11;
1.2918e-11;
7.9865e-12;
4.9383e-12;
3.0553e-12;
1.89e-12;
1.1653e-12;
7.1765e-13;
4.4054e-13;
2.7001e-13;
1.6342e-13;
9.2371e-14;
5.6843e-14;
3.5527e-14;
2.8422e-14;
1.4211e-14;
7.1054e-15;
7.1054e-15;
7.1054e-15;
7.1054e-15;
7.1054e-15;
7.1054e-15;
7.1054e-15;
7.1054e-15;
7.1054e-15;
7.1054e-15;
7.1054e-15;
7.1054e-15;
7.1054e-15;
7.1054e-15;
7.1054e-15;
7.1054e-15;
7.1054e-15;
7.1054e-15;
7.1054e-15;
7.1054e-15;
7.1054e-15;
7.1054e-15;
7.1054e-15;
7.1054e-15;
7.1054e-15;
7.1054e-15;
7.1054e-15;
7.1054e-15;
25.629;
15.84;
9.7894;
6.0502;
3.7392;
2.311;
1.4282;
0.88271;
0.54554;
0.33716;
0.20838;
0.12879;
0.079594;
0.049192;
0.030402;
0.01879;
0.011613;
0.007177;
0.0044356;
0.0027414;
0.0016942;
0.0010471;
0.00064715;
0.00039996;
0.00024719;
0.00015277;
9.4417e-05;
5.8353e-05;
3.6064e-05;
2.2289e-05;
1.3775e-05;
8.5136e-06;
5.2617e-06;
3.2519e-06;
2.0098e-06;
1.2421e-06;
7.6767e-07;
4.7445e-07;
2.9322e-07;
1.8122e-07;
1.12e-07;
6.9221e-08;
4.2781e-08;
2.644e-08;
1.6341e-08;
1.0099e-08;
6.2416e-09;
3.8575e-09;
2.3841e-09;
1.4734e-09;
9.1064e-10;
5.6281e-10;
3.4783e-10;
2.1497e-10;
1.3286e-10;
8.2117e-11;
5.0754e-11;
3.137e-11;
1.9391e-11;
1.1987e-11;
7.4181e-12;
4.583e-12;
2.8422e-12;
1.755e-12;
1.0871e-12;
6.7502e-13;
4.1922e-13;
2.558e-13;
1.5632e-13;
9.9476e-14;
6.3949e-14;
3.5527e-14;
2.1316e-14;
2.1316e-14;
2.1316e-14;
2.1316e-14;
2.1316e-14;
2.1316e-14;
2.1316e-14;
2.1316e-14;
2.1316e-14;
2.1316e-14;
2.1316e-14;
2.1316e-14;
2.1316e-14;
2.1316e-14;
2.1316e-14;
2.1316e-14;
2.1316e-14;
2.1316e-14;
2.1316e-14;
2.1316e-14;
2.1316e-14;
2.1316e-14;
2.1316e-14;
2.1316e-14;
2.1316e-14;
2.1316e-14;
2.1316e-14;
2.1316e-14;
2.1316e-14;
2.1316e-14;
3.375;
2.0859;
1.2891;
0.79673;
0.49241;
0.30432;
0.18808;
0.11624;
0.071841;
0.0444;
0.027441;
0.016959;
0.010481;
0.0064779;
0.0040036;
0.0024743;
0.0015292;
0.00094511;
0.00058411;
0.000361;
0.00022311;
0.00013789;
8.5221e-05;
5.2669e-05;
3.2551e-05;
2.0118e-05;
1.2434e-05;
7.6844e-06;
4.7492e-06;
2.9352e-06;
1.814e-06;
1.1211e-06;
6.929e-07;
4.2823e-07;
2.6466e-07;
1.6357e-07;
1.0109e-07;
6.2479e-08;
3.8614e-08;
2.3865e-08;
1.4749e-08;
9.1155e-09;
5.6337e-09;
3.4818e-09;
2.1519e-09;
1.3299e-09;
8.2195e-10;
5.08e-10;
3.1396e-10;
1.9404e-10;
1.1992e-10;
7.4117e-11;
4.5809e-11;
2.8315e-11;
1.7501e-11;
1.0822e-11;
6.6862e-12;
4.1354e-12;
2.558e-12;
1.5774e-12;
9.7344e-13;
6.1107e-13;
3.7659e-13;
2.3448e-13;
1.4211e-13;
8.5265e-14;
4.9738e-14;
2.8422e-14;
1.4211e-14;
7.1054e-15;
7.1054e-15;
7.1054e-15;
7.1054e-15;
7.1054e-15;
7.1054e-15;
7.1054e-15;
7.1054e-15;
7.1054e-15;
7.1054e-15;
7.1054e-15;
7.1054e-15;
7.1054e-15;
7.1054e-15;
7.1054e-15;
7.1054e-15;
7.1054e-15;
7.1054e-15;
7.1054e-15;
7.1054e-15;
7.1054e-15;
7.1054e-15;
7.1054e-15;
7.1054e-15;
7.1054e-15;
7.1054e-15;
7.1054e-15;
7.1054e-15;
7.5938;
4.6932;
2.9006;
1.7926;
1.1079;
0.68473;
0.42319;
0.26154;
0.16164;
0.0999;
0.061742;
0.038159;
0.023583;
0.014575;
0.009008;
0.0055673;
0.0034408;
0.0021265;
0.0013143;
0.00081225;
0.000502;
0.00031025;
0.00019175;
0.00011851;
7.3241e-05;
4.5265e-05;
2.7975e-05;
1.729e-05;
1.0686e-05;
6.6041e-06;
4.0816e-06;
2.5225e-06;
1.559e-06;
9.6353e-07;
5.9549e-07;
3.6803e-07;
2.2746e-07;
1.4058e-07;
8.6881e-08;
5.3696e-08;
3.3186e-08;
2.051e-08;
1.2676e-08;
7.8341e-09;
4.8417e-09;
2.9924e-09;
1.8494e-09;
1.143e-09;
7.064e-10;
4.3658e-10;
2.6982e-10;
1.6676e-10;
1.0306e-10;
6.3696e-11;
3.9366e-11;
2.433e-11;
1.5037e-11;
9.2931e-12;
5.7435e-12;
3.5496e-12;
2.1938e-12;
1.3558e-12;
8.3796e-13;
5.1789e-13;
3.2007e-13;
1.9782e-13;
1.2226e-13;
7.5559e-14;
4.6698e-14;
2.8861e-14;
1.7837e-14;
1.1024e-14;
6.8131e-15;
4.2107e-15;
2.6024e-15;
1.6084e-15;
9.9402e-16;
6.1434e-16;
3.7968e-16;
2.3466e-16;
1.4503e-16;
8.9631e-17;
5.5395e-17;
3.4236e-17;
2.1159e-17;
1.3077e-17;
8.082e-18;
4.995e-18;
3.087e-18;
1.9079e-18;
1.1791e-18;
7.2877e-19;
4.5037e-19;
2.7841e-19;
1.7196e-19;
1.0645e-19;
6.5508e-20;
4.0942e-20;
2.4565e-20;
25.629;
15.84;
9.7894;
6.0502;
3.7392;
2.311;
1.4282;
0.88271;
0.54554;
0.33716;
0.20838;
0.12879;
0.079594;
0.049192;
0.030402;
0.01879;
0.011613;
0.007177;
0.0044356;
0.0027414;
0.0016942;
0.0010471;
0.00064715;
0.00039996;
0.00024719;
0.00015277;
9.4417e-05;
5.8353e-05;
3.6064e-05;
2.2289e-05;
1.3775e-05;
8.5136e-06;
5.2617e-06;
3.2519e-06;
2.0098e-06;
1.2421e-06;
7.6767e-07;
4.7445e-07;
2.9322e-07;
1.8122e-07;
1.12e-07;
6.9221e-08;
4.2781e-08;
2.644e-08;
1.6341e-08;
1.0099e-08;
6.2416e-09;
3.8575e-09;
2.3841e-09;
1.4735e-09;
9.1064e-10;
5.6281e-10;
3.4783e-10;
2.1497e-10;
1.3286e-10;
8.2113e-11;
5.0748e-11;
3.1364e-11;
1.9384e-11;
1.198e-11;
7.4041e-12;
4.576e-12;
2.8281e-12;
1.7479e-12;
1.0802e-12;
6.6763e-13;
4.1262e-13;
2.5501e-13;
1.5761e-13;
9.7405e-14;
6.02e-14;
3.7206e-14;
2.2994e-14;
1.4211e-14;
8.783e-15;
5.4282e-15;
3.3548e-15;
2.0734e-15;
1.2814e-15;
7.9197e-16;
4.8946e-16;
3.025e-16;
1.8696e-16;
1.1555e-16;
7.1412e-17;
4.4135e-17;
2.7277e-17;
1.6858e-17;
1.0419e-17;
6.4392e-18;
3.9796e-18;
2.4595e-18;
1.5201e-18;
9.3945e-19;
5.8063e-19;
3.5882e-19;
2.2182e-19;
1.37e-19;
8.4812e-20;
5.2192e-20;
3.262e-20;
1.9572e-20;
3.375;
2.0859;
1.2891;
0.79673;
0.49241;
0.30432;
0.18808;
0.11624;
0.071841;
0.0444;
0.027441;
0.016959;
0.010481;
0.0064779;
0.0040036;
0.0024743;
0.0015292;
0.00094511;
0.00058411;
0.000361;
0.00022311;
0.00013789;
8.5221e-05;
5.2669e-05;
3.2551e-05;
2.0118e-05;
1.2434e-05;
7.6844e-06;
4.7492e-06;
2.9352e-06;
1.814e-06;
1.1211e-06;
6.929e-07;
4.2823e-07;
2.6466e-07;
1.6357e-07;
1.0109e-07;
6.2479e-08;
3.8614e-08;
2.3865e-08;
1.4749e-08;
9.1155e-09;
5.6337e-09;
3.4818e-09;
2.1519e-09;
1.3299e-09;
8.2195e-10;
5.08e-10;
3.1396e-10;
1.9404e-10;
1.1992e-10;
7.4117e-11;
4.5809e-11;
2.8308e-11;
1.7494e-11;
1.0814e-11;
6.6862e-12;
4.1354e-12;
2.558e-12;
1.5774e-12;
9.7344e-13;
6.0396e-13;
3.8369e-13;
2.3448e-13;
1.4211e-13;
8.5265e-14;
4.9738e-14;
2.8422e-14;
1.4211e-14;
7.1054e-15;
7.1054e-15;
7.1054e-15;
7.1054e-15;
7.1054e-15;
7.1054e-15;
7.1054e-15;
7.1054e-15;
7.1054e-15;
7.1054e-15;
7.1054e-15;
7.1054e-15;
7.1054e-15;
7.1054e-15;
7.1054e-15;
7.1054e-15;
7.1054e-15;
7.1054e-15;
7.1054e-15;
7.1054e-15;
7.1054e-15;
7.1054e-15;
7.1054e-15;
7.1054e-15;
7.1054e-15;
7.1054e-15;
7.1054e-15;
7.1054e-15;
25.629;
15.84;
9.7894;
6.0502;
3.7392;
2.311;
1.4282;
0.88271;
0.54554;
0.33716;
0.20838;
0.12879;
0.079594;
0.049192;
0.030402;
0.01879;
0.011613;
0.007177;
0.0044356;
0.0027414;
0.0016942;
0.0010471;
0.00064715;
0.00039996;
0.00024719;
0.00015277;
9.4417e-05;
5.8353e-05;
3.6064e-05;
2.2289e-05;
1.3775e-05;
8.5136e-06;
5.2617e-06;
3.2519e-06;
2.0098e-06;
1.2421e-06;
7.6767e-07;
4.7445e-07;
2.9322e-07;
1.8122e-07;
1.12e-07;
6.9221e-08;
4.2781e-08;
2.644e-08;
1.6341e-08;
1.0099e-08;
6.2416e-09;
3.8575e-09;
2.3841e-09;
1.4735e-09;
9.1065e-10;
5.6281e-10;
3.4783e-10;
2.1497e-10;
1.3286e-10;
8.211e-11;
5.0747e-11;
3.1363e-11;
1.9384e-11;
1.198e-11;
7.4039e-12;
4.5759e-12;
2.828e-12;
1.7479e-12;
1.08e-12;
6.6791e-13;
4.1211e-13;
2.558e-13;
1.5632e-13;
9.9476e-14;
6.3949e-14;
3.5527e-14;
2.1316e-14;
2.1316e-14;
2.1316e-14;
2.1316e-14;
2.1316e-14;
2.1316e-14;
2.1316e-14;
2.1316e-14;
2.1316e-14;
2.1316e-14;
2.1316e-14;
2.1316e-14;
2.1316e-14;
2.1316e-14;
2.1316e-14;
2.1316e-14;
2.1316e-14;
2.1316e-14;
2.1316e-14;
2.1316e-14;
2.1316e-14;
2.1316e-14;
2.1316e-14;
2.1316e-14;
2.1316e-14;
2.1316e-14;
2.1316e-14;
2.1316e-14;
2.1316e-14;
2.1316e-14;
25.629;
15.84;
9.7894;
6.0502;
3.7392;
2.311;
1.4282;
0.88271;
0.54554;
0.33716;
0.20838;
0.12879;
0.079594;
0.049192;
0.030402;
0.01879;
0.011613;
0.007177;
0.0044356;
0.0027414;
0.0016942;
0.0010471;
0.00064715;
0.00039996;
0.00024719;
0.00015277;
9.4417e-05;
5.8353e-05;
3.6064e-05;
2.2289e-05;
1.3775e-05;
8.5136e-06;
5.2617e-06;
3.2519e-06;
2.0098e-06;
1.2421e-06;
7.6767e-07;
4.7445e-07;
2.9322e-07;
1.8122e-07;
1.12e-07;
6.9221e-08;
4.2781e-08;
2.644e-08;
1.6341e-08;
1.0099e-08;
6.2416e-09;
3.8575e-09;
2.3841e-09;
1.4735e-09;
9.1064e-10;
5.6281e-10;
3.4783e-10;
2.1497e-10;
1.3286e-10;
8.2113e-11;
5.0748e-11;
3.1364e-11;
1.9384e-11;
1.198e-11;
7.4041e-12;
4.576e-12;
2.8281e-12;
1.7479e-12;
1.0802e-12;
6.6763e-13;
4.1262e-13;
2.5501e-13;
1.5761e-13;
9.7405e-14;
6.02e-14;
3.7206e-14;
2.2994e-14;
1.4211e-14;
8.783e-15;
5.4282e-15;
3.3548e-15;
2.0734e-15;
1.2814e-15;
7.9197e-16;
4.8946e-16;
3.025e-16;
1.8696e-16;
1.1555e-16;
7.1412e-17;
4.4135e-17;
2.7277e-17;
1.6858e-17;
1.0419e-17;
6.4392e-18;
3.9796e-18;
2.4595e-18;
1.5201e-18;
9.3945e-19;
5.8063e-19;
3.5882e-19;
2.2182e-19;
1.37e-19;
8.4812e-20;
5.2192e-20;
3.262e-20;
1.9572e-20;
1.5;
0.92705;
0.57295;
0.3541;
0.21885;
0.13525;
0.083592;
0.051663;
0.031929;
0.019733;
0.012196;
0.0075375;
0.0046584;
0.0028791;
0.0017794;
0.0010997;
0.00067966;
0.00042005;
0.00025961;
0.00016044;
9.916e-05;
6.1285e-05;
3.7876e-05;
2.3409e-05;
1.4467e-05;
8.9413e-06;
5.526e-06;
3.4153e-06;
2.1108e-06;
1.3045e-06;
8.0624e-07;
4.9828e-07;
3.0795e-07;
1.9033e-07;
1.1763e-07;
7.2698e-08;
4.493e-08;
2.7768e-08;
1.7162e-08;
1.0607e-08;
6.5552e-09;
4.0513e-09;
2.5039e-09;
1.5475e-09;
9.5639e-10;
5.9108e-10;
3.653e-10;
2.2576e-10;
1.3953e-10;
8.6231e-11;
5.3291e-11;
3.2934e-11;
2.0357e-11;
1.2584e-11;
7.7804e-12;
4.8175e-12;
2.9772e-12;
1.8332e-12;
1.1298e-12;
7.0344e-13;
4.3343e-13;
2.7001e-13;
1.6342e-13;
9.9476e-14;
6.3949e-14;
4.2633e-14;
2.8422e-14;
1.4211e-14;
7.1054e-15;
7.1054e-15;
7.1054e-15;
7.1054e-15;
7.1054e-15;
7.1054e-15;
7.1054e-15;
7.1054e-15;
7.1054e-15;
7.1054e-15;
7.1054e-15;
7.1054e-15;
7.1054e-15;
7.1054e-15;
7.1054e-15;
7.1054e-15;
7.1054e-15;
7.1054e-15;
7.1054e-15;
7.1054e-15;
7.1054e-15;
7.1054e-15;
7.1054e-15;
7.1054e-15;
7.1054e-15;
7.1054e-15;
7.1054e-15;
7.1054e-15;
38.443;
23.759;
14.684;
9.0752;
5.6088;
3.4664;
2.1424;
1.3241;
0.81831;
0.50575;
0.31257;
0.19318;
0.11939;
0.073787;
0.045603;
0.028184;
0.017419;
0.010765;
0.0066534;
0.004112;
0.0025414;
0.0015707;
0.00097072;
0.00059994;
0.00037078;
0.00022916;
0.00014163;
8.753e-05;
5.4096e-05;
3.3433e-05;
2.0663e-05;
1.277e-05;
7.8925e-06;
4.8779e-06;
3.0147e-06;
1.8632e-06;
1.1515e-06;
7.1167e-07;
4.3984e-07;
2.7183e-07;
1.68e-07;
1.0383e-07;
6.4171e-08;
3.966e-08;
2.4511e-08;
1.5149e-08;
9.3625e-09;
5.7863e-09;
3.5761e-09;
2.2102e-09;
1.366e-09;
8.4421e-10;
5.2175e-10;
3.2246e-10;
1.9929e-10;
1.2317e-10;
7.6123e-11;
4.7046e-11;
2.9076e-11;
1.797e-11;
1.1106e-11;
6.864e-12;
4.2422e-12;
2.6218e-12;
1.6204e-12;
1.0014e-12;
6.1892e-13;
3.8252e-13;
2.3641e-13;
1.4611e-13;
9.03e-14;
5.5808e-14;
3.4491e-14;
2.1317e-14;
1.3175e-14;
8.1423e-15;
5.0322e-15;
3.1101e-15;
1.9221e-15;
1.1879e-15;
7.3419e-16;
4.5376e-16;
2.8044e-16;
1.7332e-16;
1.0712e-16;
6.6202e-17;
4.0915e-17;
2.5287e-17;
1.5628e-17;
9.6588e-18;
5.9694e-18;
3.6893e-18;
2.2801e-18;
1.4092e-18;
8.7095e-19;
5.3823e-19;
3.3272e-19;
2.0551e-19;
1.2722e-19;
7.8288e-20;
4.893e-20;
2.9358e-20;
11.391;
7.0398;
4.3508;
2.689;
1.6619;
1.0271;
0.63478;
0.39231;
0.24246;
0.14985;
0.092613;
0.057238;
0.035375;
0.021863;
0.013512;
0.0083509;
0.0051611;
0.0031898;
0.0019714;
0.0012184;
0.000753;
0.00046538;
0.00028762;
0.00017776;
0.00010986;
6.7898e-05;
4.1963e-05;
2.5935e-05;
1.6029e-05;
9.9062e-06;
6.1224e-06;
3.7838e-06;
2.3385e-06;
1.4453e-06;
8.9324e-07;
5.5205e-07;
3.4119e-07;
2.1087e-07;
1.3032e-07;
8.0543e-08;
4.9779e-08;
3.0765e-08;
1.9014e-08;
1.1751e-08;
7.2626e-09;
4.4885e-09;
2.7741e-09;
1.7145e-09;
1.0596e-09;
6.5487e-10;
4.0473e-10;
2.5014e-10;
1.5459e-10;
9.5554e-11;
5.9053e-11;
3.6493e-11;
2.2553e-11;
1.3941e-11;
8.6189e-12;
5.3362e-12;
3.2969e-12;
2.0393e-12;
1.2577e-12;
7.7449e-13;
4.7606e-13;
2.8422e-13;
1.7764e-13;
1.0658e-13;
6.3949e-14;
4.9738e-14;
2.8422e-14;
1.4211e-14;
7.1054e-15;
1.4211e-14;
7.1054e-15;
7.1054e-15;
7.1054e-15;
7.1054e-15;
7.1054e-15;
7.1054e-15;
7.1054e-15;
7.1054e-15;
7.1054e-15;
7.1054e-15;
7.1054e-15;
7.1054e-15;
7.1054e-15;
7.1054e-15;
7.1054e-15;
7.1054e-15;
7.1054e-15;
7.1054e-15;
7.1054e-15;
7.1054e-15;
7.1054e-15;
7.1054e-15;
7.1054e-15;
7.1054e-15;
7.1054e-15;
7.1054e-15;
17.086;
10.56;
6.5262;
4.0334;
2.4928;
1.5406;
0.95217;
0.58847;
0.3637;
0.22478;
0.13892;
0.085857;
0.053062;
0.032794;
0.020268;
0.012526;
0.0077417;
0.0047846;
0.0029571;
0.0018276;
0.0011295;
0.00069807;
0.00043143;
0.00026664;
0.00016479;
0.00010185;
6.2945e-05;
3.8902e-05;
2.4043e-05;
1.4859e-05;
9.1835e-06;
5.6757e-06;
3.5078e-06;
2.1679e-06;
1.3399e-06;
8.2808e-07;
5.1178e-07;
3.163e-07;
1.9548e-07;
1.2082e-07;
7.4668e-08;
4.6147e-08;
2.8521e-08;
1.7627e-08;
1.0894e-08;
6.7328e-09;
4.1611e-09;
2.5717e-09;
1.5894e-09;
9.823e-10;
6.0709e-10;
3.752e-10;
2.3188e-10;
1.4331e-10;
8.8576e-11;
5.474e-11;
3.3829e-11;
2.0897e-11;
1.2918e-11;
7.9865e-12;
4.9383e-12;
3.0553e-12;
1.89e-12;
1.1653e-12;
7.1765e-13;
4.4054e-13;
2.7001e-13;
1.6342e-13;
9.9476e-14;
6.3949e-14;
4.9738e-14;
2.8422e-14;
1.4211e-14;
7.1054e-15;
7.1054e-15;
7.1054e-15;
7.1054e-15;
7.1054e-15;
7.1054e-15;
7.1054e-15;
7.1054e-15;
7.1054e-15;
7.1054e-15;
7.1054e-15;
7.1054e-15;
7.1054e-15;
7.1054e-15;
7.1054e-15;
7.1054e-15;
7.1054e-15;
7.1054e-15;
7.1054e-15;
7.1054e-15;
7.1054e-15;
7.1054e-15;
7.1054e-15;
7.1054e-15;
7.1054e-15;
7.1054e-15;
7.1054e-15;
7.1054e-15;
25.629;
15.84;
9.7894;
6.0502;
3.7392;
2.311;
1.4282;
0.88271;
0.54554;
0.33716;
0.20838;
0.12879;
0.079594;
0.049192;
0.030402;
0.01879;
0.011613;
0.007177;
0.0044356;
0.0027414;
0.0016942;
0.0010471;
0.00064715;
0.00039996;
0.00024719;
0.00015277;
9.4417e-05;
5.8353e-05;
3.6064e-05;
2.2289e-05;
1.3775e-05;
8.5136e-06;
5.2617e-06;
3.2519e-06;
2.0098e-06;
1.2421e-06;
7.6767e-07;
4.7445e-07;
2.9322e-07;
1.8122e-07;
1.12e-07;
6.9221e-08;
4.2781e-08;
2.644e-08;
1.6341e-08;
1.0099e-08;
6.2416e-09;
3.8575e-09;
2.3841e-09;
1.4735e-09;
9.1064e-10;
5.6281e-10;
3.4783e-10;
2.1497e-10;
1.3286e-10;
8.2113e-11;
5.0748e-11;
3.1364e-11;
1.9384e-11;
1.198e-11;
7.4041e-12;
4.576e-12;
2.8281e-12;
1.7479e-12;
1.0802e-12;
6.6763e-13;
4.1262e-13;
2.5501e-13;
1.5761e-13;
9.7405e-14;
6.02e-14;
3.7206e-14;
2.2994e-14;
1.4211e-14;
8.783e-15;
5.4282e-15;
3.3548e-15;
2.0734e-15;
1.2814e-15;
7.9197e-16;
4.8946e-16;
3.025e-16;
1.8696e-16;
1.1555e-16;
7.1412e-17;
4.4135e-17;
2.7277e-17;
1.6858e-17;
1.0419e-17;
6.4392e-18;
3.9796e-18;
2.4595e-18;
1.5201e-18;
9.3945e-19;
5.8063e-19;
3.5882e-19;
2.2182e-19;
1.37e-19;
8.4812e-20;
5.2192e-20;
3.262e-20;
1.9572e-20;
38.443;
23.759;
14.684;
9.0752;
5.6088;
3.4664;
2.1424;
1.3241;
0.81831;
0.50575;
0.31257;
0.19318;
0.11939;
0.073787;
0.045603;
0.028184;
0.017419;
0.010765;
0.0066534;
0.004112;
0.0025414;
0.0015707;
0.00097072;
0.00059994;
0.00037078;
0.00022916;
0.00014163;
8.753e-05;
5.4096e-05;
3.3433e-05;
2.0663e-05;
1.277e-05;
7.8925e-06;
4.8779e-06;
3.0147e-06;
1.8632e-06;
1.1515e-06;
7.1167e-07;
4.3984e-07;
2.7183e-07;
1.68e-07;
1.0383e-07;
6.4171e-08;
3.966e-08;
2.4511e-08;
1.5149e-08;
9.3625e-09;
5.7863e-09;
3.5761e-09;
2.2102e-09;
1.366e-09;
8.4421e-10;
5.2175e-10;
3.2246e-10;
1.9929e-10;
1.2317e-10;
7.6123e-11;
4.7046e-11;
2.9076e-11;
1.797e-11;
1.1106e-11;
6.864e-12;
4.2422e-12;
2.6218e-12;
1.6204e-12;
1.0014e-12;
6.1892e-13;
3.8252e-13;
2.3641e-13;
1.4611e-13;
9.03e-14;
5.5808e-14;
3.4491e-14;
2.1317e-14;
1.3175e-14;
8.1423e-15;
5.0322e-15;
3.1101e-15;
1.9221e-15;
1.1879e-15;
7.3419e-16;
4.5376e-16;
2.8044e-16;
1.7332e-16;
1.0712e-16;
6.6202e-17;
4.0915e-17;
2.5287e-17;
1.5628e-17;
9.6588e-18;
5.9694e-18;
3.6893e-18;
2.2801e-18;
1.4092e-18;
8.7095e-19;
5.3823e-19;
3.3272e-19;
2.0551e-19;
1.2722e-19;
7.8288e-20;
4.893e-20;
2.9358e-20;
3.375;
2.0859;
1.2891;
0.79673;
0.49241;
0.30432;
0.18808;
0.11624;
0.071841;
0.0444;
0.027441;
0.016959;
0.010481;
0.0064779;
0.0040036;
0.0024743;
0.0015292;
0.00094511;
0.00058411;
0.000361;
0.00022311;
0.00013789;
8.5221e-05;
5.2669e-05;
3.2551e-05;
2.0118e-05;
1.2434e-05;
7.6844e-06;
4.7492e-06;
2.9352e-06;
1.814e-06;
1.1211e-06;
6.929e-07;
4.2823e-07;
2.6466e-07;
1.6357e-07;
1.0109e-07;
6.2479e-08;
3.8614e-08;
2.3865e-08;
1.4749e-08;
9.1155e-09;
5.6337e-09;
3.4818e-09;
2.1519e-09;
1.3299e-09;
8.2194e-10;
5.0799e-10;
3.1395e-10;
1.9403e-10;
1.1992e-10;
7.4115e-11;
4.5805e-11;
2.8309e-11;
1.7496e-11;
1.0813e-11;
6.6829e-12;
4.1303e-12;
2.5526e-12;
1.5776e-12;
9.7502e-13;
6.026e-13;
3.7243e-13;
2.3017e-13;
1.4225e-13;
8.7918e-14;
5.4336e-14;
3.3582e-14;
2.0755e-14;
1.2827e-14;
7.9275e-15;
4.8995e-15;
3.0281e-15;
1.8714e-15;
1.1566e-15;
7.1483e-16;
4.4179e-16;
2.7304e-16;
1.6875e-16;
1.0429e-16;
6.4456e-17;
3.9836e-17;
2.462e-17;
1.5216e-17;
9.404e-18;
5.812e-18;
3.592e-18;
2.22e-18;
1.372e-18;
8.4798e-19;
5.2403e-19;
3.2395e-19;
2.0008e-19;
1.2386e-19;
7.6223e-20;
4.7639e-20;
2.8584e-20;
25.629;
15.84;
9.7894;
6.0502;
3.7392;
2.311;
1.4282;
0.88271;
0.54554;
0.33716;
0.20838;
0.12879;
0.079594;
0.049192;
0.030402;
0.01879;
0.011613;
0.007177;
0.0044356;
0.0027414;
0.0016942;
0.0010471;
0.00064715;
0.00039996;
0.00024719;
0.00015277;
9.4417e-05;
5.8353e-05;
3.6064e-05;
2.2289e-05;
1.3775e-05;
8.5136e-06;
5.2617e-06;
3.2519e-06;
2.0098e-06;
1.2421e-06;
7.6767e-07;
4.7445e-07;
2.9322e-07;
1.8122e-07;
1.12e-07;
6.9221e-08;
4.2781e-08;
2.644e-08;
1.6341e-08;
1.0099e-08;
6.2416e-09;
3.8576e-09;
2.3841e-09;
1.4735e-09;
9.1065e-10;
5.6281e-10;
3.4783e-10;
2.1497e-10;
1.3287e-10;
8.2117e-11;
5.0754e-11;
3.1363e-11;
1.9384e-11;
1.198e-11;
7.4039e-12;
4.5759e-12;
2.828e-12;
1.7479e-12;
1.08e-12;
6.6791e-13;
4.1211e-13;
2.558e-13;
1.5632e-13;
9.9476e-14;
6.3949e-14;
4.2633e-14;
2.8422e-14;
1.4211e-14;
7.1054e-15;
7.1054e-15;
7.1054e-15;
7.1054e-15;
7.1054e-15;
7.1054e-15;
7.1054e-15;
7.1054e-15;
7.1054e-15;
7.1054e-15;
7.1054e-15;
7.1054e-15;
7.1054e-15;
7.1054e-15;
7.1054e-15;
7.1054e-15;
7.1054e-15;
7.1054e-15;
7.1054e-15;
7.1054e-15;
7.1054e-15;
7.1054e-15;
7.1054e-15;
7.1054e-15;
7.1054e-15;
7.1054e-15;
7.1054e-15;
7.1054e-15;
17.086;
10.56;
6.5262;
4.0334;
2.4928;
1.5406;
0.95217;
0.58847;
0.3637;
0.22478;
0.13892;
0.085857;
0.053062;
0.032794;
0.020268;
0.012526;
0.0077417;
0.0047846;
0.0029571;
0.0018276;
0.0011295;
0.00069807;
0.00043143;
0.00026664;
0.00016479;
0.00010185;
6.2945e-05;
3.8902e-05;
2.4043e-05;
1.4859e-05;
9.1835e-06;
5.6757e-06;
3.5078e-06;
2.1679e-06;
1.3399e-06;
8.2808e-07;
5.1178e-07;
3.163e-07;
1.9548e-07;
1.2081e-07;
7.4668e-08;
4.6147e-08;
2.8521e-08;
1.7627e-08;
1.0894e-08;
6.7328e-09;
4.1611e-09;
2.5717e-09;
1.5894e-09;
9.823e-10;
6.071e-10;
3.7521e-10;
2.3189e-10;
1.4332e-10;
8.8574e-11;
5.4742e-11;
3.3832e-11;
2.0909e-11;
1.2923e-11;
7.9867e-12;
4.9361e-12;
3.0507e-12;
1.8854e-12;
1.1652e-12;
7.2016e-13;
4.4508e-13;
2.7508e-13;
1.7001e-13;
1.0507e-13;
6.4937e-14;
4.0133e-14;
2.4804e-14;
1.533e-14;
9.4742e-15;
5.8554e-15;
3.6188e-15;
2.2365e-15;
1.3823e-15;
8.5429e-16;
5.2798e-16;
3.2631e-16;
2.0167e-16;
1.2464e-16;
7.7031e-17;
4.7608e-17;
2.9423e-17;
1.8185e-17;
1.1239e-17;
6.9459e-18;
4.2928e-18;
2.6531e-18;
1.6397e-18;
1.0134e-18;
6.2632e-19;
3.8705e-19;
2.3927e-19;
1.4778e-19;
9.1486e-20;
5.6299e-20;
3.5187e-20;
2.1112e-20;
5.0625;
3.1288;
1.9337;
1.1951;
0.73861;
0.45649;
0.28212;
0.17436;
0.10776;
0.0666;
0.041161;
0.025439;
0.015722;
0.0097169;
0.0060053;
0.0037115;
0.0022938;
0.0014177;
0.00087617;
0.0005415;
0.00033467;
0.00020684;
0.00012783;
7.9004e-05;
4.8827e-05;
3.0177e-05;
1.865e-05;
1.1527e-05;
7.1238e-06;
4.4027e-06;
2.721e-06;
1.6817e-06;
1.0393e-06;
6.4235e-07;
3.97e-07;
2.4536e-07;
1.5164e-07;
9.3718e-08;
5.7921e-08;
3.5797e-08;
2.2124e-08;
1.3673e-08;
8.4505e-09;
5.2227e-09;
3.2278e-09;
1.9949e-09;
1.2329e-09;
7.6199e-10;
4.7093e-10;
2.9105e-10;
1.7988e-10;
1.1117e-10;
6.8709e-11;
4.2462e-11;
2.624e-11;
1.6207e-11;
1.0019e-11;
6.1888e-12;
3.8227e-12;
2.3661e-12;
1.4708e-12;
9.0949e-13;
5.6133e-13;
3.4817e-13;
2.0606e-13;
1.279e-13;
7.816e-14;
4.9738e-14;
2.8422e-14;
1.4211e-14;
7.1054e-15;
1.4211e-14;
7.1054e-15;
7.1054e-15;
7.1054e-15;
7.1054e-15;
7.1054e-15;
7.1054e-15;
7.1054e-15;
7.1054e-15;
7.1054e-15;
7.1054e-15;
7.1054e-15;
7.1054e-15;
7.1054e-15;
7.1054e-15;
7.1054e-15;
7.1054e-15;
7.1054e-15;
7.1054e-15;
7.1054e-15;
7.1054e-15;
7.1054e-15;
7.1054e-15;
7.1054e-15;
7.1054e-15;
7.1054e-15;
7.1054e-15;
25.629;
15.84;
9.7894;
6.0502;
3.7392;
2.311;
1.4282;
0.88271;
0.54554;
0.33716;
0.20838;
0.12879;
0.079594;
0.049192;
0.030402;
0.01879;
0.011613;
0.007177;
0.0044356;
0.0027414;
0.0016942;
0.0010471;
0.00064715;
0.00039996;
0.00024719;
0.00015277;
9.4417e-05;
5.8353e-05;
3.6064e-05;
2.2289e-05;
1.3775e-05;
8.5136e-06;
5.2617e-06;
3.2519e-06;
2.0098e-06;
1.2421e-06;
7.6767e-07;
4.7445e-07;
2.9322e-07;
1.8122e-07;
1.12e-07;
6.9221e-08;
4.2781e-08;
2.644e-08;
1.6341e-08;
1.0099e-08;
6.2416e-09;
3.8575e-09;
2.3841e-09;
1.4735e-09;
9.1064e-10;
5.6281e-10;
3.4783e-10;
2.1497e-10;
1.3286e-10;
8.2113e-11;
5.0748e-11;
3.1364e-11;
1.9384e-11;
1.198e-11;
7.4041e-12;
4.576e-12;
2.8281e-12;
1.7479e-12;
1.0802e-12;
6.6763e-13;
4.1262e-13;
2.5501e-13;
1.5761e-13;
9.7405e-14;
6.02e-14;
3.7206e-14;
2.2994e-14;
1.4211e-14;
8.783e-15;
5.4282e-15;
3.3548e-15;
2.0734e-15;
1.2814e-15;
7.9197e-16;
4.8946e-16;
3.025e-16;
1.8696e-16;
1.1555e-16;
7.1412e-17;
4.4135e-17;
2.7277e-17;
1.6858e-17;
1.0419e-17;
6.4392e-18;
3.9796e-18;
2.4595e-18;
1.5201e-18;
9.3945e-19;
5.8063e-19;
3.5882e-19;
2.2182e-19;
1.37e-19;
8.4812e-20;
5.2192e-20;
3.262e-20;
1.9572e-20;
1.5;
0.92705;
0.57295;
0.3541;
0.21885;
0.13525;
0.083592;
0.051663;
0.031929;
0.019733;
0.012196;
0.0075375;
0.0046584;
0.0028791;
0.0017794;
0.0010997;
0.00067966;
0.00042005;
0.00025961;
0.00016044;
9.916e-05;
6.1285e-05;
3.7876e-05;
2.3409e-05;
1.4467e-05;
8.9413e-06;
5.526e-06;
3.4153e-06;
2.1108e-06;
1.3045e-06;
8.0624e-07;
4.9828e-07;
3.0795e-07;
1.9033e-07;
1.1763e-07;
7.2698e-08;
4.493e-08;
2.7768e-08;
1.7162e-08;
1.0607e-08;
6.5552e-09;
4.0513e-09;
2.5039e-09;
1.5475e-09;
9.5638e-10;
5.9108e-10;
3.653e-10;
2.2577e-10;
1.3953e-10;
8.6231e-11;
5.3291e-11;
3.2934e-11;
2.0357e-11;
1.2584e-11;
7.7804e-12;
4.8104e-12;
2.9701e-12;
1.8332e-12;
1.1298e-12;
6.9633e-13;
4.3343e-13;
2.629e-13;
1.6342e-13;
1.0658e-13;
6.3949e-14;
4.2633e-14;
2.8422e-14;
1.4211e-14;
7.1054e-15;
7.1054e-15;
7.1054e-15;
7.1054e-15;
7.1054e-15;
7.1054e-15;
7.1054e-15;
7.1054e-15;
7.1054e-15;
7.1054e-15;
7.1054e-15;
7.1054e-15;
7.1054e-15;
7.1054e-15;
7.1054e-15;
7.1054e-15;
7.1054e-15;
7.1054e-15;
7.1054e-15;
7.1054e-15;
7.1054e-15;
7.1054e-15;
7.1054e-15;
7.1054e-15;
7.1054e-15;
7.1054e-15;
7.1054e-15;
7.1054e-15;
17.086;
10.56;
6.5262;
4.0334;
2.4928;
1.5406;
0.95217;
0.58847;
0.3637;
0.22478;
0.13892;
0.085857;
0.053062;
0.032794;
0.020268;
0.012526;
0.0077417;
0.0047846;
0.0029571;
0.0018276;
0.0011295;
0.00069807;
0.00043143;
0.00026664;
0.00016479;
0.00010185;
6.2945e-05;
3.8902e-05;
2.4043e-05;
1.4859e-05;
9.1835e-06;
5.6757e-06;
3.5078e-06;
2.1679e-06;
1.3399e-06;
8.2808e-07;
5.1178e-07;
3.163e-07;
1.9548e-07;
1.2081e-07;
7.4668e-08;
4.6147e-08;
2.8521e-08;
1.7627e-08;
1.0894e-08;
6.7328e-09;
4.1611e-09;
2.5717e-09;
1.5894e-09;
9.823e-10;
6.071e-10;
3.7521e-10;
2.3189e-10;
1.4332e-10;
8.8574e-11;
5.4742e-11;
3.3832e-11;
2.0909e-11;
1.2923e-11;
7.9867e-12;
4.9361e-12;
3.0507e-12;
1.8854e-12;
1.1652e-12;
7.2016e-13;
4.4508e-13;
2.7508e-13;
1.7001e-13;
1.0507e-13;
6.4937e-14;
4.0133e-14;
2.4804e-14;
1.533e-14;
9.4742e-15;
5.8554e-15;
3.6188e-15;
2.2365e-15;
1.3823e-15;
8.5429e-16;
5.2798e-16;
3.2631e-16;
2.0167e-16;
1.2464e-16;
7.7031e-17;
4.7608e-17;
2.9423e-17;
1.8185e-17;
1.1239e-17;
6.9459e-18;
4.2928e-18;
2.6531e-18;
1.6397e-18;
1.0134e-18;
6.2632e-19;
3.8705e-19;
2.3927e-19;
1.4778e-19;
9.1486e-20;
5.6299e-20;
3.5187e-20;
2.1112e-20;
38.443;
23.759;
14.684;
9.0752;
5.6088;
3.4664;
2.1424;
1.3241;
0.81831;
0.50575;
0.31257;
0.19318;
0.11939;
0.073787;
0.045603;
0.028184;
0.017419;
0.010765;
0.0066534;
0.004112;
0.0025414;
0.0015707;
0.00097072;
0.00059994;
0.00037078;
0.00022916;
0.00014163;
8.753e-05;
5.4096e-05;
3.3433e-05;
2.0663e-05;
1.277e-05;
7.8925e-06;
4.8779e-06;
3.0147e-06;
1.8632e-06;
1.1515e-06;
7.1167e-07;
4.3984e-07;
2.7183e-07;
1.68e-07;
1.0383e-07;
6.4171e-08;
3.966e-08;
2.4511e-08;
1.5149e-08;
9.3625e-09;
5.7863e-09;
3.5761e-09;
2.2102e-09;
1.366e-09;
8.4421e-10;
5.2175e-10;
3.2246e-10;
1.9929e-10;
1.2317e-10;
7.6123e-11;
4.7046e-11;
2.9076e-11;
1.797e-11;
1.1106e-11;
6.864e-12;
4.2422e-12;
2.6218e-12;
1.6204e-12;
1.0014e-12;
6.1892e-13;
3.8252e-13;
2.3641e-13;
1.4611e-13;
9.03e-14;
5.5808e-14;
3.4491e-14;
2.1317e-14;
1.3175e-14;
8.1423e-15;
5.0322e-15;
3.1101e-15;
1.9221e-15;
1.1879e-15;
7.3419e-16;
4.5376e-16;
2.8044e-16;
1.7332e-16;
1.0712e-16;
6.6202e-17;
4.0915e-17;
2.5287e-17;
1.5628e-17;
9.6588e-18;
5.9694e-18;
3.6893e-18;
2.2801e-18;
1.4092e-18;
8.7095e-19;
5.3823e-19;
3.3272e-19;
2.0551e-19;
1.2722e-19;
7.8288e-20;
4.893e-20;
2.9358e-20;
17.086;
10.56;
6.5262;
4.0334;
2.4928;
1.5406;
0.95217;
0.58847;
0.3637;
0.22478;
0.13892;
0.085857;
0.053062;
0.032794;
0.020268;
0.012526;
0.0077417;
0.0047846;
0.0029571;
0.0018276;
0.0011295;
0.00069807;
0.00043143;
0.00026664;
0.00016479;
0.00010185;
6.2945e-05;
3.8902e-05;
2.4043e-05;
1.4859e-05;
9.1835e-06;
5.6757e-06;
3.5078e-06;
2.1679e-06;
1.3399e-06;
8.2808e-07;
5.1178e-07;
3.163e-07;
1.9548e-07;
1.2081e-07;
7.4668e-08;
4.6147e-08;
2.8521e-08;
1.7627e-08;
1.0894e-08;
6.7328e-09;
4.1611e-09;
2.5717e-09;
1.5894e-09;
9.823e-10;
6.071e-10;
3.7521e-10;
2.3189e-10;
1.4332e-10;
