0.0099;
0.0055709;
0.00495;
0.0039015;
0.0033453;
0.0027745;
0.0023746;
0.002021;
0.0017445;
0.00151;
0.0013182;
0.0011565;
0.00013774;
0.00013511;
5.6499e-05;
1.773e-05;
1.4116e-05;
6.8295e-06;
9.3455e-07;
3.0749e-07;
2.604e-07;
8.684e-08;
7.6942e-08;
2.234e-08;
2.2319e-08;
8.4165e-09;
7.9155e-09;
2.2763e-09;
1.6942e-09;
5.6528e-10;
4.37e-10;
1.0282e-10;
17.086;
8.543;
7.7698;
0.66225;
0.42883;
0.39886;
7.4975e-05;
1.5;
11.391;
5.6953;
3.2404;
0.12829;
0.10603;
0.10308;
4.5773e-06;
38.443;
19.222;
5.8937;
5.8937;
5.8937;
2.3391e-13;
17.086;
8.543;
6.2646;
0.98732;
0.93536;
0.063325;
0.062993;
0.00021496;
1.5;
17.086;
8.543;
7.6076;
7.6076;
7.6076;
2.344e-13;
9.2293e-14;
4.4923e-14;
4.4432e-14;
1.9911e-14;
25.629;
12.814;
3.0636;
2.3773e-09;
1.6076e-12;
3.7253e-13;
3.375;
1.6875;
1.2417;
1.2417;
8.7604e-14;
2.8041e-14;
2.0942e-14;
25.629;
12.814;
5.1603;
5.1603;
5.864e-11;
17.086;
8.543;
7.7927;
0.9074;
0.72196;
0.069234;
0.068894;
0.00014143;
11.391;
5.6953;
4.5566;
4.5566;
4.5566;
1.0098e-13;
9.179e-14;
7.2299e-14;
2.6897e-14;
1.6369e-14;
5.0625;
2.5312;
2.1408;
2.1408;
3.247e-14;
1.1461e-14;
11.391;
5.6953;
4.3785;
4.3785;
4.3785;
1.074e-13;
1.0714e-13;
4.2477e-14;
2.1719e-14;
9.9127e-15;
7.2764e-15;
17.086;
8.543;
8.0356;
0.75321;
0.56722;
0.054695;
0.054486;
7.5756e-05;
17.086;
8.543;
5.0234;
0.46258;
0.45361;
0.017458;
0.017431;
2.0976e-05;
5.0625;
2.5312;
0.38947;
0.38947;
0.38947;
2.3479e-13;
8.0504e-14;
3.6758e-14;
3.3831e-14;
1.8704e-14;
1.2914e-14;
7.5938;
3.7969;
3.608;
0.048153;
0.039316;
0.00115;
0.00073741;
4.2737e-05;
11.391;
5.6953;
3.8707;
0.25797;
0.2133;
0.20556;
0.20555;
3.375;
1.6875;
0.022021;
0.022021;
2.3921e-13;
7.2465e-14;
4.4314e-14;
4.2743e-14;
1.8682e-14;
11.391;
5.6953;
4.4136;
0.33331;
0.29035;
0.011845;
0.011817;
0.011816;
0.011816;
5.0625;
2.5312;
1.6656;
1.6656;
1.6656;
1.1256e-13;
4.0499e-14;
3.1939e-14;
3.0487e-14;
1.2233e-14;
25.629;
12.814;
4.4442;
4.539e-08;
5.1333e-12;
1.7041e-13;
17.086;
8.543;
7.1001;
2.1018;
2.0748;
0.070769;
0.069327;
0.068276;
17.086;
8.543;
6.894;
0.96167;
0.78887;
0.067288;
0.06724;
0.067186;
25.629;
12.814;
0.7795;
0.7795;
0.7795;
2.3391e-13;
25.629;
12.814;
1.4727;
1.4727;
1.4727;
2.3391e-13;
7.5938;
3.7969;
0.70168;
0.70168;
0.70168;
2.3415e-13;
7.7832e-14;
3.926e-14;
3.8463e-14;
1.4402e-14;
3.375;
1.6875;
1.6578;
2.0703e-13;
11.391;
5.6953;
5.1632;
0.15085;
0.092175;
0.089349;
6.2515e-06;
38.443;
19.222;
6.756;
6.756;
6.756;
2.3391e-13;
25.629;
12.814;
11.496;
11.496;
11.496;
2.3435e-13;
6.3823e-14;
6.338e-14;
2.9738e-14;
1.7364e-14;
2.25;
1.125;
0.55262;
1.5227e-13;
5.0637e-14;
2.0321e-14;
1.6893e-14;
1.4113e-14;
8.7629e-15;
6.8506e-15;
6.0187e-15;
2.386e-15;
7.5938;
3.7969;
2.5297;
2.5297;
4.9899e-14;
4.082e-14;
3.0183e-14;
2.116e-14;
1.4074e-14;
5.0625;
2.5312;
1.3834;
1.3726;
0.00070027;
6.8479e-05;
2.25;
1.125;
0.035837;
0.034881;
0.00017649;
25.629;
12.814;
5.1877;
5.1877;
5.1877;
2.8407e-14;
17.086;
8.543;
6.4647;
0.93957;
0.80828;
0.064041;
0.063968;
5.81e-05;
25.629;
12.814;
4.4032;
4.4032;
4.4032;
2.3393e-13;
11.391;
5.6953;
3.9503;
3.9503;
3.395e-13;
7.3079e-14;
5.8462e-14;
3.4839e-14;
8.6562e-15;
3.903e-15;
25.629;
12.814;
11.489;
11.489;
11.489;
2.3391e-13;
8.0099e-14;
3.0471e-14;
2.8655e-14;
1.9879e-14;
7.5938;
3.7969;
2.8988;
0.078853;
0.058179;
0.057063;
7.3064e-06;
17.086;
8.543;
8.3688;
3.1505;
3.1176;
0.078629;
0.074865;
0.072487;
25.629;
12.814;
1.6302;
1.2275;
0.48339;
0.48315;
0.00049903;
38.443;
19.222;
5.0501;
5.0501;
5.0501;
2.3391e-13;
17.086;
8.543;
2.434;
2.434;
2.434;
2.3396e-13;
2.3385e-13;
7.8478e-14;
3.0232e-14;
1.7568e-14;
38.443;
19.222;
9.8589;
9.8589;
9.8589;
6.2082e-13;
1.7713e-13;
1.7707e-13;
6.2711e-14;
2.5484e-14;
9.3089e-15;
25.629;
12.814;
9.36;
2.4462;
2.3361;
0.14169;
0.13778;
0.13538;
38.443;
19.222;
8.3054;
8.3054;
9.2941e-10;
11.391;
5.6953;
3.5301;
3.5301;
3.5301;
2.3391e-13;
1.5;
0.75;
0.036268;
5.2404e-14;
2.851e-14;
2.1332e-14;
1.7309e-14;
17.086;
8.543;
4.2557;
4.2557;
3.3675e-12;
3.3481e-12;
3.3376e-12;
3.319e-12;
2.4002e-13;
8.0482e-14;
2.4654e-14;
5.6422e-15;
5.2326e-15;
7.5938;
3.7969;
1.9875;
1.9875;
1.9875;
1.9875;
2.2963e-13;
5.9097e-14;
4.3595e-14;
3.257e-14;
3.1178e-14;
11.391;
5.6953;
1.888;
1.888;
1.888;
3.0999e-13;
6.3606e-14;
17.086;
8.543;
8.1038;
0.69956;
0.51823;
0.049755;
0.049581;
6.0036e-05;
25.629;
12.814;
1.109;
0.77971;
0.25046;
0.25045;
0.00027896;
3.375;
1.6875;
0.28325;
0.0039531;
0.0019408;
7.5938;
3.7969;
3.4981;
2.5248e-12;
2.5006e-12;
1.3602e-13;
4.1752e-14;
1.7909e-14;
8.9766e-15;
6.3776e-15;
25.629;
12.814;
3.1255;
3.1255;
3.1255;
2.3391e-13;
3.375;
1.6875;
0.97665;
0.9713;
0.00018992;
0.0001284;
25.629;
12.814;
11.835;
2.6829;
2.0133;
0.30428;
0.30376;
0.0019307;
5.4155e-05;
25.629;
12.814;
0.92062;
0.92062;
0.92062;
2.3391e-13;
1.5;
0.75;
0.22175;
0.00034766;
9.4709e-05;
38.443;
19.222;
11.807;
11.807;
11.807;
11.391;
5.6953;
4.063;
0.27613;
0.2244;
0.21574;
0.21573;
17.086;
8.543;
4.4516;
4.3364;
0.023446;
0.015174;
0.00038152;
25.629;
12.814;
10.323;
10.323;
10.323;
2.5691e-13;
1.0233e-13;
5.3066e-14;
2.3832e-14;
2.2778e-14;
1.0035e-14;
38.443;
19.222;
10.287;
10.287;
2.1122e-10;
3.375;
1.6875;
0.27712;
0.27712;
0.27712;
9.7945e-14;
3.6595e-14;
1.9752e-14;
1.0621e-14;
25.629;
12.93;
0.98934;
0.87362;
0.50977;
0.5096;
0.00011756;
17.086;
8.543;
4.5487;
4.5487;
2.4342e-12;
2.4599e-13;
8.0182e-14;
3.9411e-14;
1.8298e-14;
1.5862e-14;
1.0987e-14;
7.6428e-15;
7.7163e-16;
3.3437e-16;
5.0625;
2.5312;
1.9694;
0.030907;
0.026958;
0.00024312;
25.629;
12.814;
11.004;
11.004;
11.004;
2.3418e-13;
2.3391e-13;
7.8539e-14;
3.0293e-14;
1.2083e-14;
9.0984e-15;
1.5;
0.75;
0.50756;
0.5066;
2.8056e-05;
17.086;
8.543;
1.9428;
1.9428;
1.2889e-11;
1.7034e-13;
38.443;
19.222;
9.5318;
9.5318;
9.5318;
2.3402e-13;
2.3391e-13;
8.0431e-14;
3.3285e-14;
2.2776e-14;
