0.0099;
0.0055709;
0.00495;
0.0039015;
0.0033453;
0.0027745;
0.0023746;
0.002021;
0.0017445;
0.00151;
0.0013182;
0.0011565;
0.00013774;
0.00013511;
5.6499e-05;
1.773e-05;
1.4116e-05;
6.8295e-06;
9.3455e-07;
3.0749e-07;
2.604e-07;
8.684e-08;
7.6942e-08;
2.234e-08;
2.2319e-08;
8.4165e-09;
7.9155e-09;
2.2763e-09;
1.6942e-09;
5.6528e-10;
4.37e-10;
1.0282e-10;
38.443;
19.222;
8.2335;
8.2335;
8.2335;
2.3391e-13;
11.391;
5.6953;
4.818;
0.23484;
0.16635;
0.15932;
0.15931;
4.1126e-06;
25.629;
12.814;
10.504;
10.504;
10.504;
2.3422e-13;
4.4746e-14;
11.391;
5.6953;
2.8056;
0.023762;
0.012271;
1.9513e-05;
17.086;
8.543;
7.0559;
0.94635;
0.75692;
0.065774;
0.065751;
0.065704;
2.4555e-05;
3.375;
1.6875;
0.1329;
0.13231;
0.13165;
2.25;
1.125;
0.048224;
0.047438;
0.00023568;
11.391;
5.6953;
3.5567;
3.5567;
3.5567;
2.3394e-13;
6.3409e-14;
3.375;
1.6875;
0.13421;
0.13359;
0.13296;
25.629;
12.814;
11.353;
11.353;
3.4049e-13;
9.0909e-14;
3.5569e-14;
2.7569e-14;
1.8727e-14;
3.7982e-15;
11.391;
5.6953;
3.356;
0.17445;
0.16947;
0.0047278;
2.7163e-05;
25.629;
12.814;
10.409;
2.7611;
2.6101;
0.35895;
0.35532;
0.0042905;
2.1129e-05;
25.629;
12.814;
10.105;
10.105;
10.105;
2.3438e-13;
9.7952e-14;
17.086;
8.543;
8.3672;
0.4447;
0.31309;
0.029802;
0.029742;
1.717e-05;
11.391;
5.6953;
2.4926;
2.4926;
2.4926;
2.0634e-13;
6.5844e-14;
2.4385e-14;
1.5;
11.391;
5.6953;
2.2511;
2.2511;
2.2511;
2.335e-13;
9.7072e-14;
2.5071e-14;
2.3613e-14;
2.2651e-14;
9.5331e-15;
17.086;
8.543;
0.14439;
0.14439;
0.14439;
2.3402e-13;
1.2033e-13;
1.2023e-13;
4.8896e-14;
2.3019e-14;
1.004e-14;
7.0508e-15;
2.25;
1.125;
0.21025;
0.00098054;
0.0002919;
4.4449e-05;
11.391;
5.6953;
4.2442;
0.28311;
0.22513;
0.216;
0.21599;
1.9358e-06;
11.391;
5.6953;
2.3518;
2.3518;
2.3518;
1.4199e-13;
1.4168e-13;
5.0853e-14;
2.7425e-14;
1.1915e-14;
25.629;
12.814;
5.7448;
5.7448;
3.89e-11;
17.086;
8.543;
6.7234;
0.96292;
0.80731;
0.067057;
0.066993;
5.9326e-05;
11.391;
5.6953;
0.1928;
0.17362;
0.17265;
3.6609e-06;
25.629;
12.814;
11.479;
3.3107;
3.1917;
0.43304;
0.42318;
0.010434;
3.9776e-05;
11.391;
5.6953;
4.1313;
0.27995;
0.22579;
0.2169;
0.21689;
9.7256e-07;
1.5;
17.086;
8.543;
3.0265;
3.0265;
3.0265;
3.6225e-13;
9.1862e-14;
6.3441e-14;
17.086;
8.543;
7.3334;
1.0664;
0.91792;
0.081234;
0.080717;
0.080465;
25.629;
12.814;
11.796;
3.2988;
3.0804;
0.45697;
0.44723;
0.009914;
17.086;
8.543;
4.6639;
0.26488;
0.018878;
0.015363;
0.015361;
0.015359;
5.0203e-06;
11.391;
5.6953;
4.807;
0.30737;
0.255;
0.011935;
0.011909;
1.3716e-05;
17.086;
8.543;
0.33689;
0.33689;
9.2644e-12;
8.7088e-15;
38.443;
19.222;
5.6465;
5.6465;
5.6465;
2.3391e-13;
17.086;
8.543;
5.8868;
1.1426;
1.1242;
0.042509;
0.042221;
0.00021418;
1.5;
7.5938;
3.7969;
1.2472;
1.2472;
1.2472;
2.2865e-13;
7.5585e-14;
3.2374e-14;
1.7914e-14;
9.684e-15;
4.0602e-15;
3.375;
1.6875;
1.3627;
0.0095342;
0.0084644;
0.0084302;
11.391;
5.6953;
3.9604;
3.9604;
3.9604;
2.3397e-13;
7.4807e-14;
3.6912e-14;
17.086;
8.543;
7.3228;
7.3228;
7.3228;
2.292e-13;
7.5281e-14;
4.191e-14;
2.6751e-14;
2.1875e-14;
38.443;
19.222;
8.4928;
8.4928;
8.4928;
2.3391e-13;
11.391;
5.6953;
4.8405;
0.30278;
0.25006;
0.011828;
0.011803;
0.011799;
1.6066e-05;
11.391;
5.6953;
3.3845;
0.16675;
0.13967;
0.13547;
0.13547;
17.086;
8.543;
2.4588;
2.4588;
2.4588;
2.3395e-13;
25.629;
12.814;
12.506;
2.6927;
2.0344;
0.32072;
0.31707;
0.31386;
2.917e-06;
25.629;
12.814;
2.4634;
1.9008;
0.93061;
0.93037;
0.00093047;
0.00021347;
38.443;
19.222;
5.716;
5.716;
3.3652e-09;
5.0625;
2.5312;
1.5934;
0.02424;
0.022903;
0.00014223;
11.391;
5.6953;
5.3611;
5.3611;
5.3611;
2.382e-13;
7.8148e-14;
3.1191e-14;
1.3581e-14;
17.086;
8.543;
6.9686;
2.0313;
2.0296;
0.11372;
0.11273;
0.0010844;
5.0625;
2.5312;
2.5115;
0.0092314;
0.0086899;
0.008541;
38.443;
19.222;
9.1625;
9.1625;
9.1625;
2.3391e-13;
11.391;
5.6953;
4.6855;
0.25591;
0.18778;
0.17971;
0.1797;
3.7497e-06;
38.443;
19.222;
10.906;
10.906;
10.906;
2.3391e-13;
1.2023e-13;
11.391;
5.6953;
5.2992;
0.10616;
0.057313;
0.056555;
0.056552;
7.8463e-06;
5.0625;
2.5312;
2.331;
0.019726;
0.016626;
0.00020964;
11.391;
5.6953;
5.6887;
0.060493;
0.053262;
0.0041599;
11.391;
5.6953;
4.9769;
0.20144;
0.1352;
0.12986;
0.12985;
1.7723e-06;
5.0625;
2.5312;
0.10171;
0.10171;
3.2366e-14;
2.0642e-14;
1.2891e-14;
1.2249e-14;
25.629;
12.814;
12.091;
2.3154;
1.4333;
0.14213;
0.00082799;
0.00052481;
38.443;
19.222;
9.3628;
9.3628;
4.5847e-10;
17.086;
8.543;
7.7094;
0.94813;
0.76714;
0.072904;
0.072521;
0.00016489;
38.443;
19.222;
10.883;
10.883;
10.883;
2.3391e-13;
25.629;
12.814;
4.6859;
4.6859;
8.0566e-11;
2.8297e-12;
17.086;
8.543;
8.2065;
0.60955;
0.44081;
0.041928;
0.041805;
3.9837e-05;
11.391;
5.6953;
3.8841;
3.8841;
3.8841;
2.3506e-13;
8.0033e-14;
2.6635e-14;
2.5441e-14;
9.2663e-15;
6.382e-15;
6.021e-15;
7.5938;
3.7969;
2.7801;
2.7801;
1.2288e-13;
3.6785e-14;
1.4146e-14;
25.629;
12.814;
10.693;
2.8564;
2.6561;
0.37998;
0.37608;
0.0046069;
3.3922e-05;
25.629;
12.814;
3.3898;
3.3898;
1.7464e-10;
2.2969e-12;
2.25;
1.125;
0.86664;
0.0032278;
0.0030159;
1.5;
0.75;
0.1198;
0.11976;
0.11958;
17.086;
8.543;
0.83056;
0.83056;
0.83056;
2.3391e-13;
7.5938;
3.7969;
2.9813;
0.09979;
0.085509;
0.0017298;
6.7908e-05;
7.5938;
3.822;
0.025076;
0.015841;
0.00028506;
11.391;
5.6953;
3.8067;
0.24957;
0.20728;
0.19992;
7.5154e-06;
7.5937;
3.7969;
2.4884;
0.072595;
0.057201;
0.056268;
7.7509e-06;
7.5938;
3.7969;
2.2885;
0.056434;
0.044669;
0.044034;
1.5;
38.443;
19.222;
11.66;
11.66;
11.66;
2.3392e-13;
7.5938;
3.7969;
2.2155;
0.048368;
0.037991;
0.037486;
1.6971e-05;
5.0625;
2.5312;
0.79704;
0.79704;
1.2871e-13;
4.547e-14;
2.7265e-14;
1.0264e-14;
6.0811e-15;
5.5775e-15;
25.629;
12.814;
2.5471;
1.9644;
0.98077;
0.98075;
0.0010997;
25.629;
12.814;
2.6574;
2.6574;
2.477e-10;
3.8571e-11;
25.629;
12.814;
3.729;
3.729;
1.4494e-10;
11.391;
5.6953;
4.6391;
0.26184;
0.19422;
0.18586;
0.18585;
1.7402e-06;
17.086;
8.543;
7.8799;
0.57792;
0.35159;
0.33154;
0.33147;
7.5938;
3.7969;
2.2023;
0.05354;
0.052058;
0.00065677;
2.25;
1.125;
0.67432;
4.9761e-14;
1.6675e-14;
1.3509e-14;
7.5938;
3.7969;
1.8127;
1.8127;
1.8127;
2.4876e-13;
8.5605e-14;
3.9516e-14;
3.588e-14;
2.8789e-14;
1.9139e-14;
3.375;
1.6875;
1.1787;
0.024279;
0.022321;
0.00011903;
25.629;
12.814;
12.607;
2.4549;
1.7157;
0.24216;
0.23966;
0.23777;
8.8787e-07;
25.629;
12.814;
11.848;
2.6696;
1.9897;
0.29847;
0.29803;
0.0018538;
9.8451e-05;
11.391;
5.6953;
4.6189;
0.2642;
0.19686;
0.18839;
0.18838;
1.2975e-06;
7.5938;
3.7969;
3.3294;
3.3294;
4.995e-14;
2.3179e-14;
4.349e-15;
5.0625;
2.5312;
2.0442;
2.0442;
2.0442;
2.1544e-13;
6.8334e-14;
4.0183e-14;
3.8305e-14;
1.0196e-14;
11.391;
5.6953;
4.5317;
0.33083;
0.28427;
0.012111;
0.012083;
1.4458e-05;
11.391;
5.6953;
3.44;
0.18024;
0.15124;
0.14658;
4.5736e-06;
25.629;
12.814;
12.599;
2.4781;
1.7452;
0.24975;
0.24716;
0.24516;
5.2363e-06;
25.629;
12.814;
3.0204;
3.0204;
3.0204;
2.3391e-13;
17.086;
8.543;
8.474;
8.474;
8.7366e-14;
3.0822e-14;
2.8333e-14;
1.9915e-14;
27;
13.5;
3.9124;
3.9124;
3.9124;
2.3391e-13;
27;
13.5;
5.5642;
5.5642;
5.5642;
2.3392e-13;
1.2023e-13;
9;
4.5;
3.3633;
0.16593;
0.14527;
0.0037038;
1.0119e-05;
81;
81;
9;
4.5;
3.3747;
0.16608;
0.1452;
0.0037231;
1.2215e-05;
27;
13.5;
11.646;
3.2944;
3.0425;
0.48024;
0.47457;
0.0073208;
0.0073048;
1.2592e-05;
27;
13.526;
13.5;
2.0881;
1.0777;
0.019736;
0.018467;
8.6292e-05;
9;
4.5;
4.0239;
0.12262;
0.098741;
0.0033785;
2.3017e-05;
27;
13.5;
12.494;
3.1323;
2.4432;
0.40617;
0.4048;
0.003709;
81;
40.5;
40.113;
38.192;
38.136;
38.083;
38.08;
38.079;
38.079;
38.078;
38.078;
38.078;
38.078;
38.078;
38.078;
38.078;
38.078;
38.078;
38.078;
38.078;
38.078;
38.078;
1.8721e-13;
7.0813e-14;
6.4509e-14;
5.1845e-14;
1.7929e-14;
8.4212e-15;
27;
81;
40.5;
25.92;
25.92;
6.3194e-09;
81;
40.5;
24.641;
24.641;
24.64;
24.64;
24.64;
1.4244e-13;
9.1098e-14;
2.2321e-14;
1.3862e-14;
9;
4.5;
4.1802;
0.097446;
0.077609;
0.0028564;
27;
13.5;
11.881;
3.6778;
3.6684;
0.47456;
0.46211;
0.014994;
0.014991;
2.529e-05;
27;
13.5;
8.6645;
1.5743;
1.568;
0.20499;
0.20446;
0.00079945;
9;
4.5;
2.618;
0.11556;
0.10265;
0.10055;
5.2367e-06;
27;
13.5;
8.3565;
1.3337;
1.3223;
0.17294;
0.17265;
0.00044538;
81;
9;
4.5;
3.987;
0.12777;
0.1033;
0.0034798;
9;
4.5;
3.8895;
0.095613;
0.063006;
0.061447;
27;
13.5;
13.312;
2.9983;
2.1919;
0.35041;
0.34626;
0.34228;
27;
13.5;
12.404;
3.199;
2.5853;
0.43854;
0.43638;
0.0044632;
2.2554e-05;
9;
4.5;
3.0574;
0.14974;
0.13602;
0.0029701;
9;
4.5;
2.9224;
0.11802;
0.095325;
0.093204;
0.093203;
27;
9;
4.5;
2.4099;
2.367;
0.0025248;
0.0017758;
0.0017673;
0.0017601;
27;
81;
40.5;
24.39;
24.39;
24.39;
24.39;
24.39;
4.532e-14;
2.745e-14;
1.5747e-14;
7.7514e-15;
27;
13.5;
13.057;
13.057;
6.7079e-14;
3.8938e-14;
1.6984e-14;
2.558e-15;
3;
1.5;
0.069021;
0.068077;
0.067517;
2.1404e-05;
81;
40.5;
29.387;
29.387;
8.378e-10;
81;
40.5;
34.98;
34.87;
34.833;
34.832;
34.832;
34.832;
34.832;
34.832;
34.832;
34.832;
34.832;
34.832;
34.832;
9.0686e-14;
3.0594e-14;
2.0285e-14;
8.3472e-15;
27;
13.5;
12.355;
3.765;
3.6433;
0.53227;
0.51816;
0.015728;
0.015722;
7.5324e-06;
81;
40.5;
28.043;
28.042;
28.04;
28.04;
28.04;
28.04;
28.04;
1.3934e-13;
5.8062e-14;
3.4114e-14;
1.3724e-14;
1.2833e-14;
9.489e-15;
3.3437e-15;
81;
81;
40.5;
24.728;
24.728;
24.728;
24.728;
24.728;
24.728;
7.7282e-14;
4.5075e-14;
1.9975e-14;
8.9044e-15;
2.675e-15;
27;
27;
13.5;
12.262;
3.7585;
3.6641;
0.52142;
0.50745;
0.015757;
0.015751;
6.8213e-05;
3;
1.5;
1.1013;
0.017942;
0.017446;
4.7237e-05;
27;
13.5;
5.6781;
5.6781;
5.6781;
7.7935e-13;
1.5819e-13;
1.2029e-13;
81;
40.5;
22.796;
22.796;
22.796;
22.796;
1.23e-10;
2.6898e-13;
7.8457e-14;
4.7452e-14;
4.6483e-14;
2.1678e-14;
1.3887e-14;
27;
13.5;
12.304;
12.304;
12.304;
2.3391e-13;
9.1802e-14;
9.1379e-14;
4.1341e-14;
1.8295e-14;
27;
13.5;
13.207;
3.2424;
2.568;
0.44554;
0.43945;
0.0064146;
81;
40.5;
23.12;
23.12;
23.12;
23.12;
2.0847e-10;
1.9929e-13;
6.426e-14;
3.4005e-14;
3.1869e-14;
27;
81;
40.5;
20.488;
20.488;
20.488;
20.488;
2.1382e-12;
1.8066e-13;
4.8123e-14;
81;
81;
3;
81;
27;
13.5;
13.382;
2.7793;
1.8843;
0.26276;
0.25976;
0.25732;
81;
27;
13.5;
12.133;
12.133;
3.0796e-13;
1.0423e-13;
5.4466e-14;
1.5118e-14;
5.43e-15;
4.1266e-15;
81;
40.5;
18.179;
18.179;
18.179;
18.179;
3.7191e-14;
1.9764e-14;
1.025e-14;
81;
40.5;
27;
13.5;
8.9498;
8.9498;
8.9498;
2.7861e-13;
9.5686e-14;
5.2737e-14;
2.7933e-14;
9;
4.5;
3.064;
0.29052;
0.27283;
0.26594;
0.26594;
1.4541e-06;
27;
13.5;
11.153;
3.1432;
2.9977;
0.44099;
0.43561;
0.0068168;
0.0068037;
81;
40.5;
23.014;
23.014;
23.014;
23.014;
1.7571e-10;
2.3318e-13;
7.4017e-14;
3.6122e-14;
2.0963e-14;
1.9308e-14;
9.5637e-15;
3;
1.5;
0.26754;
0.0027815;
0.0012959;
27;
27;
13.5;
0.87128;
0.87128;
4.5289e-10;
81;
81;
40.5;
24.569;
24.569;
24.569;
24.569;
24.569;
24.569;
4.4542e-14;
27;
13.5;
3.0214;
3.0214;
3.0214;
2.3391e-13;
3;
27;
81;
40.5;
27.446;
27.446;
27.445;
27.445;
27.445;
27.445;
1.3127e-11;
2.2467e-13;
7.6536e-14;
2.7494e-14;
1.1519e-14;
6.3159e-15;
81;
81;
40.5;
81;
40.5;
25.978;
25.978;
25.978;
2.3391e-13;
9;
4.5;
2.7568;
0.15391;
0.15001;
0.0027536;
1.6187e-05;
81;
40.5;
32.347;
32.322;
32.308;
32.308;
32.308;
32.308;
32.308;
32.308;
32.308;
32.308;
3.3689e-13;
2.6758e-14;
2.0313e-14;
81;
40.5;
27;
13.5;
12.821;
2.6384;
1.58;
0.14383;
0.0012805;
0.00069456;
0.00019346;
9;
4.5;
0.40627;
0.40627;
0.40627;
2.7322e-13;
8.2546e-14;
3.5177e-14;
3;
27;
13.5;
12.462;
3.1584;
2.4976;
0.41909;
0.41743;
0.0039878;
81;
40.5;
31.533;
31.518;
31.508;
31.508;
31.508;
31.508;
31.508;
31.508;
31.508;
31.508;
5.898e-14;
4.5432e-14;
1.8462e-14;
1.6165e-14;
9.4373e-15;
81;
40.5;
40.014;
38.48;
38.425;
38.377;
38.374;
38.373;
38.372;
38.372;
38.372;
38.372;
38.372;
38.372;
38.372;
38.372;
38.372;
38.372;
38.372;
38.372;
38.372;
38.372;
1.2163e-13;
4.8631e-14;
2.5503e-14;
1.1172e-14;
8.8631e-15;
7.9805e-15;
27;
13.5;
0.47338;
0.47338;
0.47338;
2.3391e-13;
9;
4.5;
1.4641;
1.4641;
1.4641;
2.6827e-14;
2.5783e-14;
1.9625e-14;
1.0072e-14;
81;
81;
27;
13.5;
2.7098;
2.7098;
2.7098;
2.3391e-13;
81;
40.5;
40.209;
39.002;
38.952;
38.907;
38.904;
38.902;
38.902;
38.902;
38.902;
38.902;
38.902;
38.902;
38.902;
38.902;
38.902;
38.902;
38.902;
38.902;
38.902;
38.902;
38.902;
3.5896e-14;
1.9654e-14;
1.5432e-14;
9;
4.5;
4.1042;
0.05992;
0.033758;
0.033321;
27;
13.5;
3.0932;
3.0932;
3.0932;
2.3391e-13;
27;
13.5;
0.095592;
0.095592;
7.6346e-11;
81;
40.5;
32.097;
32.075;
32.063;
32.063;
32.062;
32.062;
32.062;
32.062;
32.062;
32.062;
1.7454e-13;
6.7681e-14;
2.5021e-14;
8.5849e-15;
6.7046e-15;
2.915e-15;
9;
4.5235;
0.024692;
0.02354;
0.023154;
0.00063719;
27;
81;
27;
13.5;
9.3902;
9.3902;
9.3902;
2.3444e-13;
8.2862e-14;
6.3914e-14;
3;
9;
4.5;
1.462;
1.462;
1.462;
2.3461e-13;
7.9871e-14;
3.0558e-14;
2.6668e-14;
1.3683e-14;
81;
40.5;
18.569;
18.569;
18.569;
18.569;
5.9798e-14;
5.1619e-14;
27;
91.125;
45.562;
39.572;
38.844;
38.659;
38.629;
38.622;
38.621;
38.62;
38.62;
38.62;
38.62;
38.62;
38.62;
38.62;
38.62;
38.62;
38.62;
38.62;
38.62;
38.62;
38.62;
4.5706e-14;
2.264e-14;
8.2202e-15;
3.2938e-15;
3.158e-15;
91.125;
91.125;
45.562;
17.16;
17.16;
8.0202e-08;
2.3302e-13;
8.4357e-14;
3.8133e-14;
91.125;
45.562;
11.789;
0.82272;
0.053413;
1.2204e-13;
3.6844e-14;
3.378e-14;
1.0243e-14;
91.125;
45.562;
36.229;
36.067;
35.974;
35.97;
35.969;
35.969;
35.969;
35.969;
35.969;
35.969;
35.969;
35.969;
35.969;
35.969;
35.969;
8.6371e-14;
5.5345e-14;
2.3707e-14;
1.7951e-14;
20.25;
10.125;
0.95089;
0.54711;
0.24276;
0.24272;
0.24266;
4.7196e-05;
91.125;
45.562;
23.05;
23.05;
23.05;
23.05;
2.1352e-10;
2.5759e-13;
7.9507e-14;
2.8348e-14;
2.6491e-14;
1.7965e-14;
9.8993e-15;
91.125;
45.562;
10.172;
0.812;
0.095136;
0.095136;
3.9369e-14;
3.2865e-14;
1.0145e-14;
91.125;
45.562;
36.613;
36.613;
1.1371e-10;
20.25;
410.06;
205.03;
133.07;
131.21;
128.12;
128.12;
2.1674e-12;
6.9319e-14;
20.25;
4.5;
2.25;
1.9141;
0.0097853;
0.0054306;
0.0054201;
91.125;
45.562;
17.394;
17.394;
1.1454e-07;
2.4845e-13;
8.4772e-14;
3.7252e-14;
1.4244e-14;
1.1686e-14;
91.125;
45.562;
29.047;
29.045;
29.042;
29.042;
29.042;
29.042;
29.042;
29.042;
1.3486e-13;
4.5768e-14;
2.2875e-14;
1.1035e-14;
8.9356e-15;
20.25;
10.125;
6.4075;
0.88691;
0.82778;
0.070107;
0.070036;
0.06997;
20.25;
10.125;
7.9803;
1.6828;
1.6142;
0.14584;
0.14441;
0.14321;
1.1756e-05;
91.125;
45.562;
39.187;
38.681;
38.498;
38.477;
38.47;
38.469;
38.469;
38.469;
38.469;
38.469;
38.469;
38.469;
38.469;
38.469;
38.469;
38.469;
38.469;
38.469;
38.469;
38.469;
38.469;
3.9975e-13;
1.3736e-13;
6.4552e-14;
3.38e-14;
2.5112e-14;
2.1028e-14;
91.125;
45.562;
35.523;
35.408;
35.333;
35.331;
35.33;
35.33;
35.33;
35.33;
35.33;
35.33;
35.33;
35.33;
35.33;
35.33;
1.1012e-13;
8.374e-14;
2.9092e-14;
2.067e-14;
410.06;
205.03;
157.24;
141.94;
11.831;
0.003326;
0.003326;
0.003326;
2.3423e-13;
8.2643e-14;
6.3695e-14;
20.25;
10.125;
4.146;
4.146;
4.146;
1.4163e-13;
9.215e-14;
9.1763e-14;
3.4152e-14;
1.0487e-14;
91.125;
45.562;
20.451;
20.451;
20.451;
20.451;
1.902e-12;
1.5141e-13;
9.1986e-14;
9.1666e-14;
3.7548e-14;
1.4379e-14;
1.3507e-14;
20.25;
10.125;
9.7315;
9.7315;
9.7315;
9.7315;
9.7315;
2.0103e-13;
6.0731e-14;
2.4543e-14;
1.9731e-14;
2.6783e-15;
91.125;
45.562;
35.666;
35.666;
35.666;
2.3391e-13;
20.25;
10.125;
0.16092;
0.16092;
1.6263e-11;
20.25;
10.125;
0.21269;
0.18889;
0.15711;
0.15711;
0.1571;
91.125;
45.562;
33.523;
33.523;
33.523;
2.3391e-13;
91.125;
91.125;
45.562;
35.097;
35.097;
35.097;
2.3391e-13;
91.125;
20.25;
91.125;
45.562;
21.682;
21.682;
21.682;
21.682;
1.9509e-11;
5.2489e-13;
1.4858e-13;
1.4852e-13;
5.9806e-14;
3.2847e-14;
2.8062e-14;
1.2092e-14;
91.125;
45.562;
20.462;
20.462;
20.462;
20.462;
1.9428e-12;
2.094e-13;
7.0449e-14;
3.0027e-14;
4.5;
20.25;
10.125;
9.6146;
1.3312;
1.0025;
0.11994;
0.11917;
0.11877;
20.25;
20.25;
10.125;
2.3028;
2.3028;
3.8326e-11;
91.125;
45.562;
8.73;
0.4219;
0.13519;
4.5676e-14;
2.6521e-14;
1.3618e-14;
91.125;
45.562;
39.794;
39.184;
38.986;
38.957;
38.948;
38.947;
38.947;
38.946;
38.946;
38.946;
38.946;
38.946;
38.946;
38.946;
38.946;
38.946;
38.946;
38.946;
38.946;
38.946;
38.946;
6.2125e-14;
3.4434e-14;
2.2071e-14;
8.0091e-15;
20.25;
10.125;
8.1078;
1.7157;
1.6334;
0.15162;
0.15006;
0.1488;
20.25;
10.125;
8.9363;
1.4432;
1.0972;
0.12377;
0.12369;
0.00021745;
4.5;
2.25;
0.69637;
0.69637;
9.7759e-14;
2.7364e-14;
2.1534e-14;
91.125;
91.125;
45.562;
23.915;
23.915;
23.915;
23.915;
23.915;
1.3151e-13;
5.3652e-14;
2.6851e-14;
1.6406e-14;
1.0998e-14;
5.8301e-15;
91.125;
45.562;
24.578;
24.578;
24.578;
24.578;
24.578;
24.578;
24.578;
8.8148e-14;
7.9697e-14;
6.1939e-14;
5.3221e-14;
2.0894e-14;
4.5;
2.25;
1.7696;
0.089265;
0.084923;
0.084024;
20.25;
91.125;
45.562;
42.921;
40.386;
40.181;
40.053;
40.036;
40.028;
40.027;
40.027;
40.027;
40.027;
40.027;
40.027;
40.027;
40.027;
40.027;
40.027;
40.027;
40.027;
40.027;
40.027;
40.027;
40.027;
40.027;
40.027;
1.0455e-13;
5.041e-14;
3.5767e-14;
1.7681e-14;
1.4774e-14;
1.3421e-14;
410.06;
205.03;
142.36;
136.31;
129.23;
129.23;
8.3339e-11;
20.25;
91.125;
45.562;
28.043;
28.042;
28.04;
28.04;
28.04;
28.04;
28.04;
28.04;
7.7947e-14;
6.9077e-14;
4.4532e-14;
3.0848e-14;
1.4641e-14;
1.378e-14;
9.7412e-15;
6.8901e-15;
91.125;
45.562;
40.032;
39.077;
38.886;
38.846;
38.838;
38.836;
38.836;
38.836;
38.836;
38.836;
38.836;
38.836;
38.836;
38.836;
38.836;
38.836;
38.836;
38.836;
38.836;
38.836;
38.836;
3.3469e-14;
3.3243e-14;
1.8014e-14;
4.5;
91.125;
45.562;
27.612;
27.612;
27.61;
27.61;
27.61;
27.61;
27.61;
5.2585e-14;
2.0259e-14;
4.5;
2.25;
1.5866;
0.015479;
0.010965;
0.010899;
0.00013901;
91.125;
45.562;
28.592;
28.591;
28.588;
28.588;
28.588;
28.588;
28.588;
28.588;
9.792e-14;
4.5474e-14;
2.2573e-14;
1.1873e-14;
1.0955e-14;
7.579e-15;
20.25;
10.125;
2.7059;
2.7059;
3.1583e-11;
4.5;
91.125;
45.563;
37.657;
37.657;
37.657;
2.3392e-13;
91.125;
45.562;
16.376;
16.376;
1.8241e-08;
5.6619e-13;
1.7702e-13;
1.7694e-13;
6.1199e-14;
3.0599e-14;
1.7502e-14;
91.125;
45.562;
17.586;
17.586;
1.5098e-07;
2.2532e-13;
7.6399e-14;
2.8786e-14;
1.9203e-14;
1.5681e-14;
91.125;
410.06;
205.03;
145.08;
137.54;
129.44;
129.44;
129.44;
2.3392e-13;
91.125;
45.562;
34.286;
31.468;
31.457;
31.453;
31.453;
31.453;
31.453;
31.453;
31.453;
31.453;
1.0888e-13;
3.9916e-14;
2.6202e-14;
2.2084e-14;
1.5076e-14;
1.4797e-14;
1.4638e-14;
91.125;
45.562;
30.989;
30.981;
30.971;
30.971;
30.971;
30.971;
30.971;
30.971;
30.971;
30.971;
4.9377e-14;
2.2627e-14;
2.2493e-14;
2.1545e-14;
1.2582e-14;
1.1653e-14;
20.25;
10.125;
9.3441;
1.1289;
0.71799;
0.65831;
0.00019579;
6.9394e-05;
20.25;
10.125;
0.52339;
0.24998;
0.078126;
0.078118;
0.078099;
91.125;
45.562;
31.937;
31.923;
31.906;
31.906;
31.906;
31.906;
31.906;
31.906;
31.906;
31.906;
1.6867e-13;
4.9798e-14;
4.0548e-14;
2.9986e-14;
5.9444e-15;
91.125;
45.562;
18.927;
18.927;
18.927;
18.927;
1.1215e-13;
7.9219e-14;
1.8586e-14;
1.4817e-14;
91.125;
45.562;
11.195;
0.91058;
0.068711;
0.068711;
2.4342e-13;
8.3334e-14;
3.8341e-14;
3.3116e-14;
1.6113e-14;
1.0833e-14;
4.5;
2.25;
1.0941;
0.0028837;
0.0017254;
7.0776e-05;
91.125;
45.562;
22.29;
22.29;
22.29;
22.29;
5.8219e-11;
1.0942e-13;
8.2215e-14;
6.3267e-14;
20.25;
10.125;
8.4529;
1.7715;
1.6451;
0.16557;
0.16374;
0.16238;
410.06;
205.03;
172.49;
145.69;
18.809;
3.7028;
3.7028;
3.7028;
2.3391e-13;
91.125;
45.562;
30.919;
30.919;
30.919;
2.3391e-13;
20.25;
10.125;
6.3788;
6.3788;
6.3788;
2.3416e-13;
1.2047e-13;
8.2575e-14;
8.2332e-14;
3.6198e-14;
1.4381e-14;
1.3431e-14;
4.5;
91.125;
91.125;
45.562;
24.797;
24.796;
24.796;
24.796;
24.796;
24.796;
6.2432e-14;
5.5596e-14;
2.1592e-14;
1.3772e-14;
91.125;
45.562;
9.6999;
0.70834;
0.10781;
0.10781;
2.383e-13;
2.3809e-13;
6.0672e-14;
2.696e-14;
20.25;
10.125;
6.2046;
0.76663;
0.71372;
0.059312;
0.059276;
3.5968e-05;
91.125;
91.125;
91.125;
45.562;
35.978;
30.92;
30.913;
30.909;
30.909;
30.909;
30.909;
30.909;
30.909;
30.909;
6.2376e-14;
2.8533e-14;
2.4813e-14;
1.0004e-14;
91.125;
45.562;
19.168;
19.168;
19.168;
19.168;
1.4192e-13;
4.5508e-14;
3.5241e-14;
1.2074e-14;
91.125;
91.125;
45.562;
15.797;
15.797;
1.4325e-09;
2.3391e-13;
410.06;
205.03;
143.6;
136.88;
129.33;
129.33;
1.261e-10;
20.25;
10.125;
7.8987;
1.5213;
1.355;
0.13902;
0.13851;
0.00043559;
410.06;
205.03;
147.9;
138.71;
9.0724;
1.3643e-06;
1.3638e-06;
2.3398e-13;
2.3391e-13;
7.8541e-14;
3.0295e-14;
1.7367e-14;
4.5;
2.25;
1.3867;
1.3867;
9.4363e-14;
8.6189e-14;
3.8328e-14;
1.7418e-14;
1.2127e-14;
20.25;
10.125;
2.2374;
2.2374;
2.2374;
2.3392e-13;
91.125;
410.06;
205.03;
163.67;
143.71;
13.516;
0.14859;
0.14859;
0.14859;
2.3391e-13;
91.125;
45.562;
41.544;
39.791;
39.589;
39.508;
39.496;
39.491;
39.491;
39.491;
39.49;
39.49;
39.49;
39.49;
39.49;
39.49;
39.49;
39.49;
39.49;
39.49;
39.49;
39.49;
39.49;
39.49;
8.8545e-14;
2.9204e-14;
2.113e-14;
1.4429e-14;
91.125;
45.562;
40.254;
39.186;
38.994;
38.948;
38.94;
38.938;
38.937;
38.937;
38.937;
38.937;
38.937;
38.937;
38.937;
38.937;
38.937;
38.937;
38.937;
38.937;
38.937;
38.937;
38.937;
3.5645e-14;
1.8166e-14;
8.3231e-15;
5.5783e-15;
3.3724e-15;
20.25;
10.125;
8.2242;
1.7403;
1.6443;
0.15668;
0.15502;
0.15371;
1.2117e-05;
91.125;
45.562;
12.206;
0.59093;
0.041594;
9.2543e-14;
7.796e-14;
6.9811e-14;
3.1796e-14;
1.2181e-14;
3.97e-15;
1.9489e-15;
20.25;
10.125;
8.1635;
1.7281;
1.6394;
0.15408;
0.15247;
0.15118;
8.5698e-06;
4.5;
2.25;
1.9626;
0.018095;
0.015418;
0.00013621;
200;
100;
100;
100;
2.3348e-13;
6.2949e-14;
6.1789e-14;
2.3381e-14;
1.8321e-14;
9.586e-15;
0.0099;
0.0055709;
0.00495;
0.0039015;
0.0033453;
0.0027745;
0.0023746;
0.002021;
0.0017445;
0.00151;
0.0013182;
0.0011565;
0.00013774;
0.00013511;
5.6499e-05;
1.773e-05;
1.4116e-05;
6.8295e-06;
9.3455e-07;
3.0749e-07;
2.604e-07;
8.684e-08;
7.6942e-08;
2.234e-08;
2.2319e-08;
8.4165e-09;
7.9155e-09;
2.2763e-09;
1.6942e-09;
5.6528e-10;
4.37e-10;
1.0282e-10;
