0.0099;
0.0055709;
0.00495;
0.0039015;
0.0033453;
0.0027745;
0.0023746;
0.002021;
0.0017445;
0.00151;
0.0013182;
0.0011565;
0.00013774;
0.00013511;
5.6499e-05;
1.773e-05;
1.4116e-05;
6.8295e-06;
9.3455e-07;
3.0749e-07;
2.604e-07;
8.684e-08;
7.6942e-08;
2.234e-08;
2.2319e-08;
8.4165e-09;
7.9155e-09;
2.2763e-09;
1.6942e-09;
5.6528e-10;
4.37e-10;
1.0282e-10;
11.391;
5.6953;
5.6386;
0.081346;
0.067118;
0.0046777;
5.5158e-05;
11.391;
5.6953;
5.1911;
0.14222;
0.085236;
0.082823;
5.6314e-06;
1.5;
0.75;
0.38992;
0.38983;
0.38968;
8.9821e-06;
25.629;
12.814;
4.1146;
4.1146;
1.1552e-10;
5.0625;
2.5312;
0.55372;
0.55372;
0.55372;
3.2528e-13;
9.3071e-14;
25.629;
12.814;
4.5738;
4.5738;
8.6649e-11;
1.4318e-11;
7.042e-12;
5.0625;
2.5312;
1.6597;
0.020969;
0.015545;
0.015434;
25.629;
12.814;
11.907;
11.907;
11.907;
2.3391e-13;
8.0434e-14;
3.6195e-14;
2.9274e-14;
17.086;
8.543;
3.8412;
3.8412;
3.8412;
2.5615e-13;
7.4712e-14;
7.3774e-14;
3.7394e-14;
2.3395e-14;
9.6221e-15;
8.2709e-15;
25.629;
13.03;
0.2151;
0.17744;
0.042274;
0.042265;
9.4337e-06;
25.629;
12.814;
11.082;
11.082;
11.082;
9.5916e-13;
3.4765e-13;
1.2028e-13;
1.2022e-13;
4.6662e-14;
1.9912e-14;
1.009e-14;
7.1618e-15;
25.629;
12.814;
5.4977;
5.4977;
5.4977;
2.3403e-13;
1.2035e-13;
25.629;
12.814;
10.158;
10.158;
10.158;
2.3391e-13;
8.2328e-14;
4.7878e-14;
4.69e-14;
2.0974e-14;
1.9626e-14;
11.391;
5.6953;
5.4224;
0.16232;
0.12562;
0.0071305;
0.0071254;
0.0071238;
0.0031861;
11.391;
5.6953;
4.562;
0.32946;
0.28206;
0.012149;
0.012121;
0.012119;
7.4758e-06;
11.391;
5.7065;
5.6953;
0.041667;
0.035866;
0.0027435;
0.00030141;
25.629;
12.814;
11.825;
2.6926;
2.0305;
0.30846;
0.30788;
0.0019879;
1.7356e-05;
17.086;
8.543;
0.99357;
0.99357;
1.5389e-11;
6.7561e-13;
1.5;
11.391;
5.6953;
4.529;
0.27298;
0.20722;
0.19836;
0.19835;
1.4817e-06;
11.391;
5.6953;
4.1041;
4.1041;
4.1041;
2.3398e-13;
8.3512e-14;
3.5757e-14;
2.0387e-14;
1.6781e-14;
25.629;
12.814;
2.5245;
2.5245;
2.6137e-10;
25.629;
12.814;
10.046;
10.046;
10.046;
2.3405e-13;
1.2037e-13;
38.443;
19.222;
7.4017;
7.4017;
1.5936e-09;
25.629;
12.814;
12.037;
2.4174;
1.5821;
0.18691;
0.18631;
0.00019171;
38.443;
19.222;
5.1783;
5.1783;
3.7675e-09;
25.629;
12.814;
9.019;
2.2208;
2.0998;
0.10773;
0.10471;
0.10317;
1.6497e-05;
38.443;
19.222;
10.168;
10.168;
10.168;
2.3391e-13;
5.0625;
2.5312;
2.3073;
2.3073;
3.5163e-14;
1.718e-14;
5.0625;
2.5312;
0.17443;
0.0037364;
0.00016095;
11.391;
5.6953;
3.7716;
0.27306;
0.2535;
0.0081015;
2.1788e-05;
25.629;
12.814;
3.923;
3.923;
3.923;
2.3392e-13;
11.391;
5.6953;
4.8873;
0.29575;
0.24269;
0.011647;
0.011623;
7.0841e-06;
11.391;
5.6953;
2.8922;
2.8748;
0.009058;
0.0083903;
0.0082028;
0.00014694;
5.0625;
2.5312;
1.5039;
0.01571;
0.011566;
0.011498;
6.1052e-05;
25.629;
12.814;
11.053;
2.9263;
2.6386;
0.39878;
0.39502;
0.0046035;
0.0045956;
0.0045948;
25.629;
12.814;
11.697;
2.7932;
2.2197;
0.35073;
0.34938;
0.0026833;
3.375;
1.6875;
0.21319;
1.8263e-13;
4.3455e-14;
2.9392e-14;
2.5775e-14;
7.5938;
3.7969;
2.0885;
2.0885;
1.839e-13;
6.5823e-14;
3.1625e-14;
2.7835e-14;
3.615e-15;
17.086;
8.543;
4.4354;
0.10008;
0.069981;
0.067396;
25.629;
12.814;
5.2849;
8.4983e-08;
8.4973e-08;
2.3393e-13;
38.443;
19.222;
10.766;
10.766;
10.766;
5.0625;
2.5312;
1.4781;
0.01779;
0.017556;
9.7258e-05;
25.629;
12.814;
9.6659;
2.6329;
2.5361;
0.17632;
0.17156;
0.16817;
5.6794e-06;
11.391;
5.6953;
4.4594;
0.33287;
0.28846;
0.01197;
0.011942;
0.011937;
3.375;
1.6875;
0.64361;
1.0282e-13;
6.5721e-14;
5.3198e-14;
1.7387e-14;
11.391;
5.6953;
5.3425;
5.3425;
5.972e-14;
4.2859e-14;
3.5705e-14;
1.7582e-14;
8.4026e-15;
11.391;
5.6953;
3.4935;
0.21178;
0.20216;
0.0058707;
1.6532e-05;
17.086;
8.543;
6.7467;
1.8484;
1.8466;
0.10744;
0.1067;
0.00082713;
7.5938;
3.7969;
0.52182;
0.52182;
3.1396e-13;
9.6332e-14;
3.1909e-14;
1.6751e-14;
4.3489e-15;
1.5;
0.75;
0.63559;
0.0038878;
0.003841;
6.9879e-05;
38.443;
19.222;
11.634;
11.634;
11.634;
2.3391e-13;
17.086;
8.543;
0.7321;
0.32612;
0.15601;
0.156;
0.15598;
2.9805e-06;
17.086;
8.543;
0.4309;
0.15978;
0.056356;
0.056353;
8.5889e-06;
25.629;
12.814;
4.0609;
2.8814e-08;
3.7468e-12;
2.2094e-13;
7.5938;
3.7969;
2.8353;
2.8353;
2.8353;
2.2306e-13;
7.5075e-14;
3.718e-14;
3.3751e-14;
1.8104e-14;
17.086;
8.543;
8.4329;
1.7067e-10;
5.7048e-14;
1.6206e-14;
1.5;
25.629;
12.814;
11.176;
11.176;
11.176;
2.3391e-13;
8.2328e-14;
7.1501e-14;
4.4433e-14;
4.3773e-14;
2.0787e-14;
9.7975e-15;
11.391;
5.6953;
5.0222;
0.19029;
0.12534;
0.12056;
0.12055;
11.391;
5.6953;
4.1836;
0.2819;
0.22594;
0.21692;
0.21691;
2.0204e-06;
11.391;
5.6953;
4.1754;
0.32506;
0.29041;
0.010821;
0.010797;
1.7593e-05;
38.443;
19.222;
9.588;
9.588;
9.588;
2.3428e-13;
8.2698e-14;
8.233e-14;
3.6632e-14;
2.1954e-14;
1.0091e-14;
7.1054e-15;
25.629;
12.814;
7.6711;
1.1936;
1.065;
0.0047358;
0.004122;
2.2299e-05;
17.086;
8.543;
4.8209;
4.8209;
1.7839e-12;
2.2147e-13;
7.936e-14;
3.3297e-14;
2.51e-14;
6.7265e-15;
5.4633e-15;
2.5159e-15;
17.086;
8.543;
6.6315;
6.6315;
4.866e-13;
7.5938;
3.7969;
2.6641;
0.079663;
0.061503;
0.060407;
5.7892e-06;
5.0625;
2.5312;
1.8296;
0.022514;
0.016112;
0.015984;
0.00013122;
25.629;
12.814;
10.552;
2.8128;
2.6387;
0.36994;
0.36614;
0.0044761;
2.7369e-05;
2.25;
1.125;
0.54611;
2.528e-13;
9.0657e-14;
4.1904e-14;
2.1293e-14;
1.5541e-14;
1.2852e-14;
1.0785e-14;
9.6233e-15;
11.391;
5.6953;
2.0938;
2.0938;
1.2405e-12;
2.1034e-13;
7.3217e-14;
3.2228e-14;
1.4104e-14;
17.086;
8.543;
4.606;
0.23465;
0.020812;
0.013738;
3.835e-06;
7.5938;
3.7969;
0.19299;
0.19299;
0.19299;
2.4535e-13;
7.7623e-14;
3.2322e-14;
2.9796e-14;
1.8427e-14;
1.5467e-14;
5.0625;
2.5312;
1.6047;
0.019547;
0.014544;
0.014444;
25.629;
12.814;
10.989;
3.2037;
3.1819;
0.38438;
0.37606;
0.0096745;
0.0001306;
25.629;
12.814;
11.004;
4.3021;
4.1629;
0.19387;
0.17951;
0.007516;
0.0075102;
8.393e-05;
25.629;
12.814;
10.633;
2.8387;
2.6501;
0.37581;
0.37194;
0.0045582;
1.8995e-05;
3.375;
1.6875;
1.6254;
0.0050189;
0.0045576;
3.0736e-05;
38.443;
19.222;
9.4403;
9.4403;
9.4403;
9.1544e-14;
9.135e-14;
3.7926e-14;
1.4324e-14;
7.5938;
3.7969;
3.7442;
0.028295;
0.024785;
0.00087391;
0.00083568;
25.629;
12.814;
6.4242;
6.4095;
0.083346;
0.069712;
0.006242;
4.5872e-05;
11.391;
5.6953;
5.4322;
0.15898;
0.12305;
0.0070183;
0.0070171;
1.6334e-05;
11.391;
5.6953;
3.8821;
0.29181;
0.26814;
0.0089288;
0.0089134;
9.2335e-06;
1.5;
0.75;
0.66572;
0.006511;
0.0063276;
0.0063144;
3.2331e-05;
11.391;
5.6953;
3.2659;
3.2659;
3.2659;
2.6169e-13;
1.0279e-13;
3.6912e-14;
2.9333e-14;
5.0625;
2.5312;
1.9834;
1.9834;
1.9834;
1.9834;
2.3237e-13;
7.7869e-14;
3.083e-14;
1.3414e-14;
9.1929e-15;
1.5;
0.75;
0.20619;
0.20619;
3.472e-13;
1.1437e-13;
5.5248e-14;
3.0829e-14;
2.0002e-14;
8.19e-15;
25.629;
12.814;
10.864;
10.864;
5.7316e-13;
1.9118e-13;
8.538e-14;
3.4274e-14;
2.4825e-14;
1.4133e-14;
3.7982e-15;
1.5;
7.5938;
3.7969;
0.96195;
0.96195;
0.96195;
2.3505e-13;
8.8205e-14;
8.5733e-14;
6.8967e-14;
3.1277e-14;
1.7575e-14;
7.2182e-15;
25.629;
12.814;
3.4039;
3.4039;
3.4039;
2.3391e-13;
11.391;
5.6953;
0.21576;
0.026044;
0.0032962;
3.375;
1.6875;
0.48613;
0.48613;
7.8937e-13;
2.5092e-13;
1.1181e-13;
5.5541e-14;
2.3961e-14;
9.4196e-15;
8.3657e-15;
8.0403e-15;
1.5908e-15;
5.0625;
2.5313;
1.8029;
0.022546;
0.01626;
0.016132;
0.00028801;
38.443;
19.222;
4.9639;
4.9639;
3.8222e-09;
2.25;
1.125;
1.1098;
1.1098;
2.4622e-13;
8.8469e-14;
3.5686e-14;
3.375;
1.6875;
1.0029;
0.9952;
7.8897e-05;
25.629;
12.926;
1.0209;
0.90964;
0.52575;
0.52558;
0.0001308;
11.391;
5.6953;
2.7993;
2.7993;
8.4676e-13;
8.2525e-13;
1.1386e-13;
4.6727e-14;
2.6422e-14;
1.6669e-14;
1.4404e-14;
9.4739e-15;
7.1054e-15;
11.391;
5.6953;
0.21595;
0.026101;
0.0033317;
4.0253e-05;
81;
40.5;
17.826;
17.826;
17.826;
1.4126e-13;
5.2466e-14;
2.7661e-14;
1.6465e-14;
1.5412e-14;
7.3791e-15;
27;
81;
40.5;
28.778;
28.776;
28.774;
28.774;
28.774;
28.774;
28.774;
28.774;
28.774;
2.0746e-13;
7.4294e-14;
3.4521e-14;
5.3125e-15;
27;
9;
4.5;
3.4837;
0.13325;
0.099728;
0.097033;
4.4137e-06;
81;
40.5;
24.944;
24.944;
24.944;
24.944;
24.944;
2.3983e-13;
7.7346e-14;
4.9149e-14;
1.985e-14;
8.4958e-15;
5.9694e-15;
81;
40.5;
28.697;
28.697;
1.4404e-09;
81;
40.5;
23.601;
23.601;
23.6;
23.6;
23.6;
1.5896e-13;
4.7317e-14;
4.0382e-14;
2.8721e-14;
1.4759e-14;
81;
40.5;
32.753;
32.72;
32.704;
32.703;
32.703;
32.703;
32.703;
32.703;
32.703;
32.703;
32.703;
1.3307e-13;
5.3892e-14;
2.7709e-14;
1.7719e-14;
1.5289e-14;
1.1159e-14;
9;
4.5;
3.9965;
0.079132;
0.049082;
0.048047;
27;
13.5;
13.361;
2.8515;
1.9827;
0.29148;
0.28814;
0.28525;
27;
27;
13.5;
9.607;
2.5307;
2.3667;
0.11117;
0.10655;
0.10461;
81;
27;
13.5;
1.2623;
0.92878;
0.28499;
0.28494;
0.00043695;
81;
40.5;
26.924;
26.923;
26.923;
26.923;
26.923;
26.923;
4.5907e-12;
2.0557e-13;
7.9157e-14;
2.0608e-14;
27;
13.5;
1.3415;
1.3415;
1.3415;
2.3391e-13;
27;
13.5;
1.997;
1.5793;
0.62553;
0.62508;
0.0009076;
0.0008271;
27;
13.5;
12.048;
3.7223;
3.6804;
0.495;
0.48173;
0.015465;
1.0419e-05;
27;
13.5;
11.438;
3.5618;
3.5073;
0.36964;
0.35814;
0.34666;
81;
9;
4.5;
0.057907;
0.041865;
0.040124;
3.704e-06;
81;
40.5;
9;
4.5;
3.2694;
0.1367;
0.10635;
0.10362;
0.10362;
81;
81;
81;
40.5;
81;
27;
13.5;
2.5026;
2.0075;
0.90503;
0.9042;
0.00099742;
0.00012687;
81;
81;
40.5;
26.917;
26.916;
26.916;
26.916;
26.916;
26.916;
4.5249e-12;
2.1851e-13;
7.2608e-14;
2.3781e-14;
2.2295e-14;
1.4086e-14;
81;
40.5;
29.661;
29.657;
29.653;
29.653;
29.653;
29.653;
29.653;
29.653;
29.653;
9.7385e-14;
4.1017e-14;
2.0806e-14;
1.6213e-14;
81;
40.5;
34.594;
34.503;
34.47;
34.47;
34.469;
34.469;
34.469;
34.469;
34.469;
34.469;
34.469;
34.469;
34.469;
4.819e-14;
2.349e-14;
1.2278e-14;
27;
81;
40.5;
27.893;
27.892;
27.89;
27.89;
27.89;
27.89;
27.89;
7.6238e-14;
3.6644e-14;
2.512e-14;
27;
13.5;
1.4574;
1.4574;
5.1989e-10;
1.9169e-11;
27;
9;
4.5;
2.8913;
0.13137;
0.12182;
0.0024439;
9.9292e-05;
27;
13.5;
11.596;
3.2839;
3.0457;
0.47703;
0.47133;
0.0073263;
0.0073104;
1.2908e-05;
3;
1.5;
0.89432;
0.0069815;
0.005856;
0.0058389;
81;
40.5;
28.201;
28.2;
28.198;
28.198;
28.198;
28.198;
28.198;
28.198;
3.2268e-14;
1.6619e-14;
1.5381e-14;
8.6684e-15;
81;
40.5;
30.137;
30.132;
30.127;
30.127;
30.127;
30.127;
30.127;
30.127;
1.2289e-12;
1.7022e-13;
6.012e-14;
3.5716e-14;
1.2062e-14;
7.4901e-15;
27;
13.5;
9.3468;
2.34;
2.171;
0.087967;
0.08421;
0.082875;
3;
27;
13.5;
12.076;
3.7286;
3.6805;
0.49851;
0.48513;
0.015527;
0.015526;
0.015523;
8.7807e-06;
3;
81;
40.5;
15.854;
15.854;
2.673e-09;
81;
40.5;
18.489;
18.489;
18.489;
5.6013e-14;
3.5719e-14;
27;
13.5;
9.7447;
2.8704;
2.7309;
0.17692;
0.17228;
0.0030049;
3.8633e-05;
9;
4.5;
3.2205;
3.2205;
1.8518e-13;
7.2879e-14;
3.2765e-14;
3.0724e-14;
1.1293e-14;
9;
4.5;
0.57689;
0.57689;
5.7141e-13;
1.4525e-13;
5.4299e-14;
2.7772e-14;
1.4336e-14;
7.0408e-15;
4.001e-15;
27;
13.5;
2.7091;
2.7091;
2.7091;
2.3391e-13;
9;
4.5;
1.3994;
1.3994;
1.3994;
3.0906e-13;
8.8131e-14;
3.9408e-14;
3.8882e-14;
1.8161e-14;
81;
40.5;
21.262;
21.262;
21.262;
21.262;
8.8608e-12;
2.3387e-13;
1.2018e-13;
1.2008e-13;
4.9591e-14;
2.6452e-14;
1.4811e-14;
27;
13.5;
7.069;
7.069;
7.069;
3.1579e-13;
6.3685e-14;
81;
40.5;
24.278;
24.278;
24.278;
24.278;
24.278;
24.278;
5.9656e-14;
2.5145e-14;
9.4833e-15;
9;
4.5;
2.5468;
0.083866;
0.083611;
0.0014292;
3.126e-05;
81;
40.5;
30.051;
30.045;
30.041;
30.041;
30.041;
30.041;
30.041;
30.041;
1.0052e-12;
1.5905e-13;
6.324e-14;
3.2733e-14;
1.4804e-14;
9.9495e-15;
81;
9;
4.5;
2.7978;
2.7978;
1.5072e-13;
6.8911e-14;
3.2413e-14;
1.913e-14;
1.2479e-14;
5.7514e-15;
3.4292e-15;
81;
27;
13.5;
8.0863;
8.0863;
8.0863;
2.3425e-13;
9;
4.5;
2.4191;
2.4191;
3.1466e-13;
4.5624e-14;
1.3144e-14;
9;
4.5;
0.27108;
0.028333;
0.010811;
3;
81;
27;
13.5;
1.4254;
1.0753;
0.35439;
0.35439;
0.00060863;
81;
40.5;
25.697;
25.697;
25.697;
2.3391e-13;
27;
13.5;
10.688;
2.9274;
2.8433;
0.39762;
0.39323;
0.0056629;
0.0056536;
1.0644e-05;
81;
40.5;
29.072;
29.072;
29.072;
2.3391e-13;
27;
13.5;
10.569;
3.156;
3.0298;
0.219;
0.21067;
0.20502;
2.5484e-06;
27;
13.5;
1.7678;
1.3792;
0.51139;
0.51115;
0.00081961;
0.00056603;
27;
13.5;
9.9674;
2.5044;
2.4743;
0.32992;
0.32731;
0.0035808;
9;
4.5;
3.8804;
0.1409;
0.11538;
0.0037183;
5.5893e-05;
2.8131e-05;
81;
27;
13.5;
3.6781;
3.6781;
3.6781;
2.3391e-13;
27;
13.5;
12.902;
3.6172;
3.232;
0.55495;
0.54378;
0.012157;
0.012151;
9;
4.5;
4.1464;
4.1464;
3.935e-14;
2.264e-14;
2.0775e-14;
1.0384e-14;
4.737e-15;
3.2669e-15;
9;
4.5;
2.6747;
0.097509;
0.093462;
0.0016905;
9;
4.5;
4.1402;
0.1044;
0.083274;
0.0030029;
81;
40.5;
24.177;
24.177;
24.177;
24.177;
24.177;
24.177;
24.177;
2.3144e-14;
27;
13.5;
5.8976;
5.8976;
6.0794e-11;
81;
40.5;
23.589;
23.589;
23.589;
23.589;
23.589;
1.6976e-13;
6.0014e-14;
2.992e-14;
2.3173e-14;
1.5371e-14;
27;
13.5;
13.403;
2.7039;
1.7848;
0.23326;
0.23056;
0.22854;
2.6675e-06;
9;
4.5;
0.03304;
4.0049e-12;
5.5492e-14;
3.9318e-14;
2.3292e-14;
1.2993e-14;
6.3379e-15;
5.9967e-15;
81;
40.5;
27.278;
27.278;
3.7683e-09;
27;
13.5;
12.26;
3.2705;
2.7582;
0.47061;
0.46731;
0.0054907;
0.0054799;
27;
13.696;
0.68345;
0.48731;
0.35562;
0.35551;
0.3555;
4.2093e-05;
27;
13.5;
12.308;
3.7625;
3.655;
0.52684;
0.51278;
0.015757;
0.015751;
27;
13.5;
9.769;
9.769;
9.769;
2.3451e-13;
8.2926e-14;
8.2563e-14;
3.5194e-14;
1.4351e-14;
27;
13.5;
9.4879;
9.4879;
9.4879;
2.0794e-13;
7.7945e-14;
5.7418e-14;
81;
40.5;
18.136;
18.136;
18.136;
18.136;
18.136;
1.5315e-13;
5.2496e-14;
2.9759e-14;
2.2154e-14;
5.1013e-15;
81;
9;
4.5;
3.402;
0.16633;
0.14493;
0.0037658;
2.7371e-05;
3;
81;
27;
13.5;
8.0041;
1.2486;
0.16131;
0.15321;
0.15251;
81;
40.5;
28.444;
28.442;
28.44;
28.44;
28.44;
28.44;
28.44;
28.44;
5.3053e-14;
5.1386e-14;
2.6735e-14;
81;
27;
13.5;
7.0488;
7.0488;
7.0488;
4.1719e-13;
4.9307e-14;
4.5;
2.25;
1.2479;
0.011412;
0.0090399;
0.0089956;
20.25;
10.125;
1.7283;
1.7283;
4.7348e-11;
9.7876e-13;
4.5;
2.25;
1.657;
1.657;
2.005e-13;
5.8392e-14;
20.25;
10.125;
9.097;
1.3486;
0.9709;
0.10429;
0.10423;
0.10415;
4.5;
2.25;
0.81925;
0.81925;
0.81925;
3.5099e-14;
3.0536e-14;
1.1419e-14;
9.5747e-15;
91.125;
45.562;
10.318;
0.83801;
0.09129;
0.09129;
2.4202e-13;
8.9251e-14;
3.3592e-14;
3.0371e-14;
20.25;
91.125;
45.562;
11.638;
0.86219;
0.057372;
0.057372;
2.0153e-14;
6.1044e-15;
91.125;
45.562;
37.513;
37.513;
37.513;
2.3393e-13;
91.125;
45.562;
23.865;
23.865;
23.865;
23.865;
23.865;
1.7149e-13;
6.2833e-14;
2.9962e-14;
1.7219e-14;
1.3721e-14;
91.125;
45.562;
39.383;
38.746;
38.563;
38.537;
38.53;
38.529;
38.529;
38.529;
38.529;
38.529;
38.529;
38.529;
38.529;
38.529;
38.529;
38.529;
38.529;
38.529;
38.529;
38.529;
3.7338e-14;
2.2453e-14;
1.8143e-14;
1.0307e-14;
3.8582e-15;
4.5;
2.25;
1.3464;
3.9549e-14;
3.477e-14;
20.25;
10.125;
1.6403;
1.6403;
1.6403;
2.3393e-13;
4.5;
2.25;
0.27907;
0.27907;
0.27907;
2.3009e-13;
1.7324e-13;
1.164e-13;
1.1624e-13;
4.8027e-14;
1.6332e-14;
20.25;
10.125;
7.4118;
7.4118;
7.4118;
1.9336e-13;
7.1811e-14;
7.1262e-14;
3.0659e-14;
1.7389e-14;
91.125;
91.125;
45.562;
20.083;
20.083;
20.083;
20.083;
9.1559e-13;
1.645e-13;
7.0243e-14;
2.4574e-14;
2.3153e-14;
9.6518e-15;
91.125;
45.562;
35.728;
30.979;
30.971;
30.967;
30.967;
30.967;
30.967;
30.967;
30.967;
30.967;
3.132e-14;
2.8785e-14;
2.5922e-14;
1.1083e-14;
4.5;
2.25;
1.4977;
0.042623;
0.038857;
0.038549;
1.8567e-05;
4.5;
2.25;
1.9949;
0.017089;
0.014536;
0.00013293;
91.125;
45.562;
34.759;
34.681;
34.624;
34.623;
34.623;
34.622;
34.622;
34.622;
34.622;
34.622;
34.622;
34.622;
34.622;
5.1033e-14;
2.9417e-14;
1.0211e-14;
91.125;
91.125;
45.562;
36.641;
36.641;
36.641;
2.3391e-13;
91.125;
45.562;
12.228;
0.56971;
0.040895;
7.7934e-14;
2.8077e-14;
8.9699e-15;
4.3401e-15;
4.5;
2.25;
0.18119;
0.18119;
7.1618e-14;
3.2854e-14;
1.6144e-14;
1.0959e-14;
20.25;
10.125;
9.1463;
1.3126;
0.92616;
0.09685;
0.096754;
1.6112e-05;
91.125;
91.125;
45.562;
41.566;
39.8;
39.599;
39.517;
39.504;
39.5;
39.5;
39.499;
39.499;
39.499;
39.499;
39.499;
39.499;
39.499;
39.499;
39.499;
39.499;
39.499;
39.499;
39.499;
39.499;
39.499;
39.499;
4.9178e-14;
3.9223e-14;
1.9694e-14;
1.8337e-14;
7.22e-15;
91.125;
45.562;
38.864;
38.409;
38.236;
38.217;
38.212;
38.211;
38.211;
38.211;
38.211;
38.211;
38.211;
38.211;
38.211;
38.211;
38.211;
38.211;
38.211;
38.211;
38.211;
38.211;
9.0261e-14;
8.1886e-14;
4.4515e-14;
2.2928e-14;
7.7017e-15;
3.2953e-15;
20.25;
10.125;
1.0358;
0.60383;
0.27723;
0.27719;
0.27711;
91.125;
45.563;
35.7;
35.7;
2.6218e-10;
4.5;
2.25;
1.5443;
0.049663;
0.045722;
0.045338;
20.25;
10.125;
1.0718;
0.62764;
0.29202;
0.29198;
0.2919;
1.8681e-05;
91.125;
45.562;
38.897;
30.47;
30.466;
30.461;
30.461;
30.461;
30.461;
30.461;
30.461;
30.461;
8.8616e-14;
3.2345e-14;
2.7857e-14;
1.589e-14;
8.4326e-15;
91.125;
45.562;
34.138;
34.138;
9.8018e-10;
91.125;
45.562;
25.512;
25.512;
25.511;
25.511;
25.511;
25.511;
2.7842e-13;
91.125;
45.562;
31.274;
31.265;
31.253;
31.253;
31.253;
31.253;
31.253;
31.253;
31.253;
31.253;
5.1511e-14;
2.5531e-14;
20.25;
91.125;
45.562;
26.446;
26.446;
26.445;
26.445;
26.445;
26.445;
2.0746e-12;
2.3369e-13;
8.2111e-14;
8.1771e-14;
3.4853e-14;
1.8612e-14;
9.7696e-15;
20.25;
10.125;
1.1212;
1.1212;
5.1457e-11;
20.25;
10.125;
8.2853;
1.7509;
1.6473;
0.15922;
0.15751;
0.15618;
0.15618;
8.7772e-06;
91.125;
45.562;
30.388;
30.388;
4.815e-09;
91.125;
45.562;
32.975;
32.946;
32.919;
32.919;
32.919;
32.919;
32.919;
32.919;
32.919;
32.919;
32.919;
7.3657e-14;
4.0435e-14;
8.3185e-15;
20.25;
10.125;
6.1735;
6.1735;
6.1735;
2.4977e-13;
8.4451e-14;
3.6594e-14;
3.4503e-14;
1.518e-14;
91.125;
45.562;
29.009;
29.007;
29.004;
29.004;
29.004;
29.004;
29.004;
29.004;
1.1183e-13;
3.4614e-14;
91.125;
45.562;
16.417;
16.417;
2.0081e-08;
2.3385e-13;
1.2016e-13;
6.3321e-14;
91.125;
45.562;
8.9816;
0.50421;
0.1279;
6.7306e-14;
4.9606e-14;
2.3576e-14;
2.0788e-14;
1.1601e-14;
1.0029e-14;
91.125;
45.562;
9.2515;
0.58664;
0.12023;
6.3545e-14;
1.6589e-14;
20.25;
10.125;
9.2131;
9.2131;
9.2131;
2.3391e-13;
5.5261e-14;
20.25;
10.125;
0.44467;
0.44467;
0.44467;
2.3395e-13;
91.125;
45.562;
41.901;
39.95;
39.747;
39.654;
39.641;
39.636;
39.635;
39.635;
39.635;
39.635;
39.635;
39.635;
39.635;
39.635;
39.635;
39.635;
39.635;
39.635;
39.635;
39.635;
39.635;
39.635;
39.635;
39.635;
1.3001e-13;
5.5183e-14;
3.3712e-14;
1.0755e-14;
1.0511e-14;
3.9053e-15;
91.125;
45.562;
35.936;
35.795;
35.709;
35.707;
35.706;
35.706;
35.706;
35.706;
35.706;
35.706;
35.706;
35.706;
35.706;
35.706;
35.706;
2.7669e-14;
2.7097e-14;
1.7623e-14;
91.125;
45.562;
38.884;
38.425;
38.251;
38.233;
38.227;
38.227;
38.226;
38.226;
38.226;
38.226;
38.226;
38.226;
38.226;
38.226;
38.226;
38.226;
38.226;
38.226;
38.226;
5.6723e-14;
4.8797e-14;
2.1762e-14;
1.6529e-14;
9.5813e-15;
4.7985e-15;
2.3296e-15;
2.1863e-15;
20.25;
10.125;
9.9869;
0.77754;
0.50663;
0.04927;
0.049081;
5.7136e-05;
4.5;
4.5;
2.25;
1.8235;
0.088933;
0.086534;
0.0006648;
410.06;
205.03;
143.15;
136.68;
129.3;
129.3;
1.0897e-10;
5.5869e-12;
91.125;
45.562;
16.636;
16.636;
3.204e-08;
8.7712e-14;
91.125;
45.562;
20.051;
20.051;
20.051;
20.051;
8.5795e-13;
1.5571e-13;
5.1974e-14;
5.0993e-14;
1.815e-14;
91.125;
45.562;
36.985;
36.985;
36.985;
2.3393e-13;
91.125;
45.562;
26.239;
26.239;
26.239;
26.239;
26.239;
26.239;
1.3414e-12;
2.0132e-13;
7.1391e-14;
20.25;
91.125;
410.06;
205.03;
161.09;
143.04;
12.818;
0.036889;
0.036889;
0.036889;
2.3392e-13;
20.25;
10.125;
10.039;
0.67251;
0.43217;
0.0409;
0.040765;
3.7684e-05;
91.125;
45.562;
16.077;
16.077;
7.6745e-09;
2.339e-13;
91.125;
45.562;
37.257;
37.257;
6.155e-11;
20.25;
10.125;
0.8989;
0.51197;
0.22193;
0.2219;
0.22184;
2.4149e-05;
20.25;
10.125;
7.3857;
7.3857;
7.3857;
3.0866e-13;
9.2912e-14;
6.449e-14;
91.125;
45.562;
18.198;
18.198;
18.198;
1.3144e-13;
5.4342e-14;
3.3734e-14;
2.2073e-14;
1.1012e-14;
91.125;
45.562;
34.457;
31.389;
31.379;
31.375;
31.375;
31.375;
31.375;
31.375;
31.375;
31.375;
31.375;
5.1334e-14;
2.1133e-14;
1.2179e-14;
9.747e-15;
91.125;
91.125;
4.5;
91.125;
45.562;
33.167;
32.512;
32.49;
32.489;
32.489;
32.489;
32.489;
32.489;
32.489;
32.489;
32.489;
6.8043e-14;
6.0699e-14;
2.6235e-14;
8.6041e-15;
91.125;
45.562;
11.578;
0.87393;
0.058921;
0.058921;
9.1785e-14;
2.7563e-14;
1.8636e-14;
91.125;
45.562;
31.56;
31.56;
31.56;
2.3391e-13;
20.25;
10.125;
9.1394;
1.3178;
0.93256;
0.097928;
0.097837;
2.4185e-05;
20.25;
20.25;
10.125;
7.1912;
1.3716;
1.364;
0.10872;
0.10809;
0.1074;
2.0998e-05;
20.25;
10.125;
2.9696;
2.9696;
2.9696;
2.3393e-13;
1.2024e-13;
20.25;
10.125;
9.1602;
1.3018;
0.91304;
0.094623;
0.094517;
91.125;
45.562;
39.983;
39.338;
39.136;
39.104;
39.095;
39.093;
39.092;
39.092;
39.092;
39.092;
39.092;
39.092;
39.092;
39.092;
39.092;
39.092;
39.092;
39.092;
39.092;
39.092;
39.092;
7.0768e-14;
2.7213e-14;
7.1342e-15;
91.125;
45.562;
34.244;
34.185;
34.138;
34.137;
34.137;
34.137;
34.137;
34.137;
34.137;
34.137;
34.137;
34.137;
34.137;
2.8643e-13;
9.9051e-14;
4.1728e-14;
2.0848e-14;
1.1308e-14;
5.1902e-15;
4.5;
91.125;
20.25;
91.125;
45.562;
39.152;
38.652;
38.47;
38.449;
38.443;
38.442;
38.442;
38.442;
38.441;
38.441;
38.441;
38.441;
38.441;
38.441;
38.441;
38.441;
38.441;
38.441;
38.441;
38.441;
38.441;
5.6892e-14;
2.6318e-14;
1.224e-14;
91.125;
410.06;
205.03;
128.9;
128.35;
127.25;
127.25;
127.25;
2.3366e-13;
8.2073e-14;
2.9019e-14;
91.125;
45.562;
35.264;
35.163;
35.094;
35.093;
35.092;
35.092;
35.092;
35.092;
35.092;
35.092;
35.092;
35.092;
35.092;
35.092;
9.09e-14;
4.167e-14;
1.9535e-14;
1.9156e-14;
9.5489e-15;
91.125;
45.562;
29.243;
29.241;
29.238;
29.238;
29.238;
29.238;
29.238;
29.238;
1.8934e-13;
6.525e-14;
3.5003e-14;
1.941e-14;
1.5199e-14;
91.125;
45.562;
32.215;
32.197;
32.178;
32.178;
32.178;
32.178;
32.178;
32.178;
32.178;
32.178;
3.417e-13;
5.9732e-14;
1.8666e-14;
1.0025e-14;
91.125;
45.562;
34.839;
34.839;
5.53e-10;
20.25;
10.125;
6.4606;
6.4606;
6.4606;
1.9317e-13;
7.5594e-14;
4.5278e-14;
3.5804e-14;
91.125;
45.562;
30.721;
30.721;
30.721;
2.3391e-13;
91.125;
45.562;
39.745;
38.933;
38.745;
38.712;
38.704;
38.703;
38.702;
38.702;
38.702;
38.702;
38.702;
38.702;
38.702;
38.702;
38.702;
38.702;
38.702;
38.702;
38.702;
38.702;
38.702;
1.2284e-13;
4.9134e-14;
3.3883e-14;
20.25;
10.125;
9.821;
1.0638;
0.74003;
0.081249;
0.080841;
0.00016641;
20.25;
10.127;
10.125;
0.4729;
0.30405;
0.029755;
0.029692;
1.725e-05;
410.06;
205.03;
152.71;
140.48;
10.577;
0.00011732;
0.00011732;
3.5848e-14;
2.6071e-14;
1.745e-14;
200;
100;
100;
100;
2.3348e-13;
6.2949e-14;
6.1789e-14;
2.3381e-14;
1.8321e-14;
9.586e-15;
0.0099;
0.0055709;
0.00495;
0.0039015;
0.0033453;
0.0027745;
0.0023746;
0.002021;
0.0017445;
0.00151;
0.0013182;
0.0011565;
0.00013774;
0.00013511;
5.6499e-05;
1.773e-05;
1.4116e-05;
6.8295e-06;
9.3455e-07;
3.0749e-07;
2.604e-07;
8.684e-08;
7.6942e-08;
2.234e-08;
2.2319e-08;
8.4165e-09;
7.9155e-09;
2.2763e-09;
1.6942e-09;
5.6528e-10;
4.37e-10;
1.0282e-10;
