0.0099;
0.0055709;
0.00495;
0.0039015;
0.0033453;
0.0027745;
0.0023746;
0.002021;
0.0017445;
0.00151;
0.0013182;
0.0011565;
0.00013774;
0.00013511;
5.6499e-05;
1.773e-05;
1.4116e-05;
6.8295e-06;
9.3455e-07;
3.0749e-07;
2.604e-07;
8.684e-08;
7.6942e-08;
2.234e-08;
2.2319e-08;
8.4165e-09;
7.9155e-09;
2.2763e-09;
1.6942e-09;
5.6528e-10;
4.37e-10;
1.0282e-10;
7.5938;
3.7969;
2.9225;
2.9225;
2.9225;
2.3382e-13;
8.2237e-14;
4.7786e-14;
2.7116e-14;
2.2686e-14;
2.1694e-14;
9.5868e-15;
8.4241e-15;
25.629;
12.814;
0.84513;
0.84513;
0.84513;
2.3391e-13;
25.629;
12.814;
11.548;
3.315;
3.1774;
0.43933;
0.42939;
0.010412;
9.2435e-06;
11.391;
5.6953;
4.8222;
0.23407;
0.16561;
0.15861;
0.1586;
3.375;
1.6875;
0.85743;
2.8827e-13;
1.0631e-13;
1.0402e-13;
5.4284e-14;
2.1316e-14;
1.1316e-14;
17.086;
8.543;
0.54457;
0.22387;
0.093432;
0.093429;
0.093417;
11.391;
5.6953;
0.35546;
0.066419;
0.029322;
1.5;
17.086;
8.543;
6.789;
1.8827;
1.8817;
0.10902;
0.10824;
0.00087558;
7.5938;
3.7969;
2.2276;
0.049777;
0.039171;
0.038643;
25.629;
12.814;
1.2113;
1.2113;
1.2113;
2.3391e-13;
25.629;
12.814;
0.23084;
0.20549;
0.14991;
0.1499;
7.0732e-06;
5.0625;
2.5312;
0.70758;
0.70758;
1.2635e-13;
1.0057e-13;
4.0858e-14;
1.3789e-14;
1.5;
0.75;
0.50084;
0.0019765;
0.0017275;
7.5938;
3.7969;
2.3712;
0.11126;
0.10785;
0.0014747;
25.629;
12.814;
0.59285;
0.59285;
0.59285;
2.3391e-13;
25.629;
12.814;
1.3399;
1.3399;
1.3399;
2.3391e-13;
5.0625;
2.5312;
1.5615;
0.022675;
0.021637;
0.00012994;
1.5;
0.75;
0.4917;
0.4908;
4.2847e-05;
17.086;
8.543;
6.7382;
6.7382;
4.3817e-13;
1.5194e-13;
7.5571e-14;
4.1695e-14;
2.419e-14;
9.3274e-15;
5.7546e-15;
11.391;
5.6953;
5.1991;
0.22983;
0.18083;
0.0094916;
0.0094829;
0.0094784;
3.375;
1.6875;
0.11142;
0.11142;
5.4262e-14;
4.1225e-14;
4.0692e-14;
1.4261e-14;
2.25;
1.125;
0.11982;
0.11982;
1.2862e-13;
4.6347e-14;
1.9563e-14;
9.6508e-15;
38.443;
19.222;
6.6159;
6.6159;
6.6159;
2.3391e-13;
11.391;
5.6953;
3.4501;
0.20049;
0.19236;
0.0055119;
1.7786e-05;
7.5938;
3.7969;
2.893;
0.07901;
0.058376;
0.057257;
25.629;
12.814;
12.084;
3.1923;
2.8404;
0.45552;
0.44727;
0.0082104;
11.391;
5.6953;
4.2402;
0.32902;
0.29202;
0.011155;
0.01113;
5.0625;
2.5312;
2.1716;
6.7337e-13;
6.5156e-13;
2.605e-14;
1.2884e-14;
2.25;
1.125;
1.0185;
0.0025449;
0.0023235;
11.391;
5.6953;
4.3578;
0.28223;
0.22075;
0.21157;
0.21156;
25.629;
12.818;
12.814;
1.6613;
0.8876;
0.031878;
0.031072;
0.030969;
38.443;
19.222;
8.9206;
8.9206;
6.2133e-10;
1.6983e-12;
11.391;
5.6953;
4.1153;
0.32026;
0.28784;
0.010479;
0.010457;
1.0105e-05;
1.5;
17.086;
8.543;
2.9093;
2.9093;
2.9093;
2.3387e-13;
7.5938;
3.7969;
2.9416;
2.9416;
9.9687e-14;
2.5722e-14;
7.5938;
3.7969;
3.1587;
0.092536;
0.07739;
0.0017253;
17.086;
8.543;
6.9162;
1.0956;
0.98898;
0.078691;
0.078167;
0.077883;
2.8436e-06;
11.391;
5.6953;
2.7766;
2.7766;
8.5909e-13;
6.7368e-14;
4.4508e-14;
1.3426e-14;
9.0228e-15;
5.8038e-15;
38.443;
19.222;
8.3209;
8.3209;
9.2034e-10;
17.086;
8.543;
7.9438;
7.9438;
9.9442e-14;
1.0931e-14;
2.25;
1.125;
0.65115;
7.8812e-14;
3.6318e-14;
3.5719e-14;
2.1107e-14;
1.2492e-14;
6.9861e-15;
1.5;
0.75;
0.086819;
0.086704;
0.00017984;
25.629;
12.814;
11.681;
3.3131;
3.1356;
0.44995;
0.44002;
0.010238;
0.010236;
1.3726e-05;
17.086;
8.543;
8.2718;
8.2718;
4.6833e-14;
1.1237e-14;
8.2518e-15;
7.5938;
3.7969;
3.0703;
0.096932;
0.082045;
0.0017439;
0.00012847;
7.5938;
3.7969;
0.25655;
0.018756;
0.0071424;
3.2399e-05;
3.375;
1.6875;
1.0919;
0.0056913;
0.0038489;
0.0038399;
25.629;
12.814;
10.517;
2.8005;
2.6325;
0.36726;
0.3635;
0.0044343;
4.157e-05;
11.391;
5.6953;
5.0771;
0.17576;
0.11283;
0.10878;
7.8411e-06;
11.391;
5.6953;
2.9077;
2.8853;
0.0085454;
0.0077584;
0.0075877;
7.5938;
3.7969;
2.3052;
0.092991;
0.090469;
0.0011943;
1.5;
0.75;
0.65226;
0.65226;
3.1165e-14;
2.7857e-14;
1.0335e-14;
6.8901e-15;
3.375;
1.6875;
1.623;
0.0050797;
0.0046041;
3.4279e-05;
7.5938;
3.7969;
3.303;
3.303;
6.2215e-14;
5.2913e-14;
7.5938;
3.7969;
2.5306;
0.074899;
0.058794;
0.057812;
3.1786e-06;
7.5938;
3.7969;
2.4172;
0.13589;
0.12439;
0.12219;
25.629;
5.0625;
2.5312;
0.71025;
0.71025;
0.71025;
2.2772e-13;
7.6673e-14;
3.4815e-14;
1.0527e-14;
4.219e-15;
5.0625;
2.5312;
1.9015;
0.03122;
0.027563;
0.00023331;
25.629;
12.814;
9.8458;
2.7348;
2.6476;
0.19896;
0.19368;
0.18962;
6.0006e-06;
17.086;
8.543;
1.6667;
1.6667;
1.6667;
4.3635e-13;
1.3451e-13;
2.25;
1.125;
0.95623;
0.0029669;
0.0027111;
2.1516e-05;
7.5938;
3.7969;
1.6128;
1.6128;
1.6128;
2.2826e-13;
7.3974e-14;
4.3523e-14;
1.5101e-14;
1.4211e-14;
7.5937;
3.7969;
3.6022;
0.048935;
0.039914;
0.0011613;
0.00049327;
17.086;
8.543;
4.7528;
0.32467;
0.29638;
0.27901;
0.279;
1.6965e-06;
25.629;
12.814;
10.967;
2.9159;
2.6524;
0.39558;
0.39172;
0.0046582;
2.25;
1.125;
0.20694;
5.8341e-14;
2.2147e-14;
8.5426e-15;
7.3916e-15;
11.391;
5.6953;
3.3229;
0.1509;
0.12591;
0.12224;
3.8637e-06;
17.086;
8.543;
2.804;
2.804;
2.804;
2.3398e-13;
2.3369e-13;
7.9543e-14;
3.3881e-14;
1.0381e-14;
38.443;
19.222;
8.8099;
8.8099;
8.8099;
2.3391e-13;
17.086;
8.543;
4.6958;
0.29297;
0.019741;
0.016858;
1.0479e-05;
11.391;
5.6953;
3.8816;
3.8816;
3.8816;
2.3436e-13;
9.794e-14;
4.4886e-14;
4.4444e-14;
1.9923e-14;
17.086;
8.543;
3.8521;
3.8521;
4.414e-12;
3.2041e-13;
1.1282e-13;
5.0565e-14;
1.6459e-14;
38.443;
19.222;
7.4776;
7.4776;
7.4776;
2.3391e-13;
17.086;
8.543;
0.12688;
0.079714;
0.073497;
5.3212e-06;
17.086;
8.543;
6.7972;
0.96413;
0.80117;
0.067359;
0.067301;
5.7897e-05;
5.0625;
2.5312;
1.9472;
0.031078;
0.027212;
0.00024043;
1.5;
11.391;
5.6953;
4.997;
0.27635;
0.22335;
0.011073;
0.011053;
17.086;
8.5808;
8.543;
0.13898;
0.091949;
0.0079985;
0.0079973;
8.1872e-06;
11.391;
5.6953;
3.7704;
3.7704;
3.7704;
2.3388e-13;
8.23e-14;
5.1984e-14;
1.9884e-14;
1.8629e-14;
1.3999e-14;
5.0625;
2.5312;
1.8234;
0.02253;
0.016154;
0.016026;
0.00011674;
5.0625;
2.5312;
1.2525;
1.2513;
0.0007832;
7.653e-05;
25.629;
12.814;
3.135;
3.5306e-09;
3.5289e-09;
1.9336e-13;
7.2024e-14;
7.1501e-14;
3.0059e-14;
1.7629e-14;
17.086;
8.543;
4.2603;
4.2422;
0.0091595;
0.0075515;
0.00031623;
17.086;
8.543;
4.5669;
4.5669;
4.5669;
4.1119e-13;
2.1011e-14;
25.629;
12.814;
11.446;
3.3075;
3.1969;
0.4299;
0.42009;
0.010429;
17.086;
8.6556;
0.11266;
0.068867;
0.0045769;
4.5046e-05;
3.375;
1.6875;
1.061;
0.0076218;
0.0074283;
2.2172e-05;
25.629;
13.027;
0.21206;
0.2059;
0.060231;
0.060224;
0.060212;
7.5938;
3.7969;
2.0258;
0.022023;
0.015285;
0.015148;
2.25;
1.125;
0.67333;
0.0012377;
0.00066001;
5.0625;
2.5312;
0.27408;
0.27408;
0.27408;
1.4986e-14;
9.0516e-15;
3.375;
1.6875;
0.12111;
0.12083;
0.11995;
17.086;
8.543;
6.5109;
1.0465;
0.97593;
0.069978;
0.069559;
0.00025233;
17.086;
8.543;
3.9565;
3.9565;
3.9565;
2.3367e-13;
4.4195e-14;
11.391;
5.6953;
5.1302;
0.1607;
0.10023;
0.096929;
0.096922;
38.443;
19.222;
5.492;
5.492;
5.492;
2.3391e-13;
81;
9;
4.5;
0.32181;
0.037413;
0.017084;
0.00019377;
81;
40.5;
26.636;
26.636;
26.636;
26.636;
26.636;
26.636;
2.5468e-12;
1.8561e-13;
9.7054e-14;
9.6709e-14;
3.9107e-14;
1.8629e-14;
27;
13.5;
12.905;
2.4029;
1.2392;
1.2176;
0.0015859;
0.0015015;
0.00013193;
81;
40.5;
27;
13.5;
6.7494;
6.7458;
0.093495;
0.078395;
0.0076805;
27;
13.5;
13.091;
3.428;
2.88;
0.509;
0.50078;
0.0089053;
2.8482e-05;
3;
27;
13.669;
0.97764;
0.8087;
0.52524;
0.52503;
4.4855e-05;
81;
40.5;
23.788;
23.788;
23.788;
23.788;
23.788;
2.4591e-14;
2.0645e-14;
6.9603e-15;
81;
40.5;
17.49;
17.49;
1.4172e-07;
2.2253e-13;
7.5628e-14;
2.9311e-14;
1.6015e-14;
1.1627e-14;
81;
9;
4.5;
2.8915;
0.11493;
0.092987;
0.09095;
0.090949;
81;
40.5;
19.157;
19.157;
19.157;
19.157;
19.157;
1.6541e-14;
1.5958e-14;
6.9183e-15;
27;
13.5;
12.733;
3.7082;
3.4292;
0.56189;
0.54897;
0.014058;
0.01405;
8.5218e-06;
9;
4.5;
3.7637;
0.15222;
0.12656;
0.0038827;
81;
9;
4.5;
2.8908;
0.2183;
0.20206;
0.19728;
3.1532e-06;
27;
13.5;
12.668;
2.9342;
2.0676;
0.30273;
0.30255;
0.0019084;
27;
27;
13.5;
11.417;
11.417;
11.417;
8.2255e-13;
1.5818e-13;
1.5812e-13;
6.0978e-14;
2.9738e-14;
1.2082e-14;
81;
81;
40.5;
23.164;
23.164;
23.164;
23.164;
2.2399e-10;
2.4153e-13;
8.7332e-14;
2.9839e-14;
1.9689e-14;
1.7297e-14;
1.0665e-14;
81;
81;
40.5;
27.332;
27.331;
27.33;
27.33;
27.33;
27.33;
1.0446e-11;
2.2448e-13;
7.6249e-14;
3.016e-14;
2.2422e-14;
1.8197e-14;
3;
81;
40.5;
23.959;
23.959;
23.958;
23.958;
23.958;
1.1262e-13;
4.2584e-14;
2.2976e-14;
1.6398e-14;
9.616e-15;
7.1054e-15;
81;
40.5;
29.016;
29.013;
29.011;
29.011;
29.011;
29.011;
29.011;
29.011;
29.011;
3.033e-14;
1.5057e-14;
81;
27;
13.5;
11.625;
11.625;
5.3781e-13;
27;
13.5;
8.8583;
8.8583;
8.8583;
2.3407e-13;
9.7643e-14;
7.1657e-14;
5.2168e-14;
3;
27;
13.5;
0.94718;
0.64274;
0.1597;
0.15961;
0.15943;
81;
40.5;
26.961;
26.96;
26.96;
26.96;
26.96;
26.96;
4.9509e-12;
2.0754e-13;
6.5469e-14;
2.6825e-14;
27;
13.5;
11.977;
3.3237;
2.9576;
0.49084;
0.48595;
0.0067997;
0.0067846;
1.4286e-05;
81;
40.5;
31.708;
31.691;
31.681;
31.681;
31.681;
31.681;
31.681;
31.681;
31.681;
31.681;
31.681;
31.681;
2.0013e-14;
1.551e-14;
81;
81;
40.5;
24.878;
24.878;
24.878;
24.878;
24.878;
24.878;
6.3929e-14;
3.0625e-14;
2.9559e-14;
2.6527e-14;
2.4253e-14;
2.3279e-14;
27;
13.5;
11.722;
3.3076;
3.0334;
0.48448;
0.47891;
0.0072799;
0.0072637;
9.9423e-06;
27;
13.5;
0.69004;
0.40703;
0.065451;
0.065366;
0.065319;
3;
81;
40.5;
32.818;
32.785;
32.767;
32.767;
32.767;
32.767;
32.767;
32.767;
32.767;
32.767;
32.767;
4.2121e-14;
3.1901e-14;
1.0736e-14;
81;
40.5;
29.783;
29.783;
6.0441e-10;
81;
40.5;
27.187;
27.186;
27.185;
27.185;
27.185;
27.185;
7.8114e-12;
2.0957e-13;
7.8086e-14;
3.0102e-14;
1.9115e-14;
1.6429e-14;
81;
40.5;
25.43;
25.43;
25.43;
25.43;
25.43;
25.43;
2.0107e-13;
3.5724e-14;
3.3746e-14;
2.8499e-14;
2.1619e-14;
9.5427e-15;
27;
13.5;
12.215;
12.215;
2.7929e-13;
9.2939e-14;
3.6095e-14;
3.3134e-14;
2.2983e-14;
1.0273e-14;
27;
13.5;
10.573;
2.866;
2.7933;
0.38673;
0.38263;
0.0053343;
0.0053259;
81;
40.5;
18.177;
18.177;
18.177;
18.177;
5.1006e-14;
2.0273e-14;
9.8353e-15;
81;
40.5;
33.133;
33.093;
33.073;
33.073;
33.073;
33.073;
33.073;
33.073;
33.073;
33.073;
33.073;
5.1213e-14;
3.1729e-14;
2.0874e-14;
9.9953e-15;
6.9129e-15;
5.1857e-15;
1.6877e-15;
27;
13.5;
1.0846;
1.0846;
4.9367e-10;
81;
81;
40.5;
19.494;
19.494;
19.494;
19.494;
19.494;
3.0327e-13;
1.218e-13;
5.9063e-14;
1.44e-14;
6.1207e-15;
81;
40.5;
26.372;
26.372;
26.372;
26.372;
26.372;
26.372;
1.4712e-12;
1.8108e-13;
5.6703e-14;
5.6069e-14;
2.705e-14;
1.8174e-14;
9.6761e-15;
81;
40.5;
28.247;
28.247;
28.247;
2.3391e-13;
27;
13.5;
12.31;
3.2499;
2.7048;
0.46175;
0.45881;
0.0051612;
0.0051515;
0.0051489;
27;
13.5;
10.507;
2.8299;
2.7631;
0.38053;
0.3766;
0.0051441;
2.2525e-05;
81;
40.5;
22.917;
22.917;
22.917;
22.917;
1.4991e-10;
2.1567e-13;
6.2807e-14;
5.1438e-14;
3.1227e-14;
2.9917e-14;
1.2232e-14;
27;
13.5;
8.3819;
1.6234;
0.18753;
0.0017832;
0.00030864;
81;
40.5;
25.642;
25.642;
25.642;
25.642;
25.642;
25.642;
3.1184e-13;
1.0415e-13;
4.1689e-14;
4.0689e-14;
1.9083e-14;
9.7685e-15;
8.1943e-15;
9;
4.5;
3.0713;
3.0713;
3.0713;
2.3228e-14;
2.275e-14;
1.7345e-14;
27;
13.5;
8.9515;
2.0363;
1.8637;
0.056059;
0.053443;
0.052787;
3.9364e-06;
81;
40.5;
31.052;
31.041;
31.033;
31.033;
31.033;
31.033;
31.033;
31.033;
31.033;
31.033;
6.4634e-14;
5.5251e-14;
1.7782e-14;
1.1702e-14;
27;
13.5;
6.4664;
6.4664;
6.4664;
5.3277e-13;
9.19e-14;
9.1801e-14;
3.419e-14;
1.4377e-14;
81;
81;
81;
40.5;
19.402;
19.402;
19.402;
19.402;
2.4784e-13;
7.2017e-14;
3.4951e-14;
2.1041e-14;
1.13e-14;
9;
4.5;
0.16474;
0.15634;
0.1539;
0.1539;
27;
13.5;
1.8027;
1.4099;
0.52831;
0.52804;
0.00083625;
0.00034977;
27;
13.5;
9.5175;
2.2024;
2.1894;
0.28785;
0.28617;
0.0024071;
6.6723e-05;
81;
27;
13.5;
12.628;
2.9893;
2.1672;
0.33213;
0.33197;
0.0024708;
27;
13.5;
1.0423;
1.0423;
4.8728e-10;
81;
40.5;
19.453;
19.453;
19.453;
19.453;
19.453;
9.7297e-14;
4.0566e-14;
2.8347e-14;
27;
13.5;
1.7208;
1.7208;
5.1275e-10;
81;
27;
13.5;
11.03;
3.0917;
2.9653;
0.42971;
0.42456;
0.006551;
0.0065388;
0.0065347;
81;
40.5;
25.04;
25.04;
25.04;
25.04;
25.04;
25.04;
9.8606e-14;
2.601e-14;
1.9997e-14;
7.8853e-15;
4.3124e-15;
3.3907e-15;
3;
1.5;
0.49174;
0.49174;
6.4099e-14;
4.7564e-14;
3.5103e-14;
2.3342e-14;
8.8423e-15;
81;
40.5;
25.668;
25.668;
25.668;
25.668;
25.668;
25.668;
25.668;
4.121e-13;
1.4052e-13;
6.114e-14;
3.0823e-14;
2.8134e-15;
27;
13.5;
11.573;
11.573;
11.573;
3.3616e-13;
8.6118e-14;
8.5758e-14;
3.7183e-14;
1.4445e-14;
1.3512e-14;
27;
13.5;
2.3628;
2.3628;
2.3628;
2.3391e-13;
3;
27;
13.5;
13.312;
2.9971;
2.1901;
0.34993;
0.34578;
0.0039694;
0.0015117;
27;
13.5;
1.7104;
1.3288;
0.484;
0.48381;
0.00078997;
3;
1.5;
0.93673;
0.0036112;
0.0023362;
1.1645e-05;
27;
13.5;
8.477;
8.477;
8.477;
2.3416e-13;
5.551e-14;
2.9525e-14;
81;
27;
13.5;
13.294;
6.0846e-09;
4.3606e-14;
2.8227e-14;
1.6904e-14;
6.3379e-15;
9;
4.5;
3.3172;
0.16497;
0.14525;
0.0036196;
2.4178e-05;
27;
13.5;
11.79;
3.6545;
3.6484;
0.45756;
0.44542;
0.014485;
1.8054e-05;
27;
13.5;
10.049;
10.049;
10.049;
2.012e-13;
5.2476e-14;
5.174e-14;
3.4517e-14;
1.6603e-14;
1.3124e-14;
8.0014e-15;
3.199e-15;
2.2967e-15;
81;
40.5;
26.352;
26.352;
5.7932e-09;
81;
40.5;
28.27;
28.268;
28.266;
28.266;
28.266;
28.266;
28.266;
7.0068e-14;
2.5749e-14;
2.0672e-14;
1.387e-14;
9.7363e-15;
81;
40.5;
33.778;
33.719;
33.694;
33.694;
33.694;
33.694;
33.694;
33.694;
33.694;
33.694;
33.694;
33.694;
33.694;
1.1146e-13;
9.5382e-14;
7.1803e-14;
3.2581e-14;
1.0398e-14;
7.4794e-15;
27;
27;
13.5;
1.7064;
1.7064;
1.7064;
2.3391e-13;
81;
40.5;
21.555;
21.555;
21.555;
21.555;
1.4887e-11;
2.3393e-13;
2.3373e-13;
7.958e-14;
3.0473e-14;
1.7726e-14;
3;
81;
40.5;
25.072;
25.072;
25.072;
25.072;
25.072;
25.072;
25.072;
7.1239e-14;
2.5765e-14;
2.2552e-14;
1.2109e-14;
81;
40.5;
25.8;
25.8;
6.3253e-09;
91.125;
45.562;
9.6786;
0.70306;
0.10839;
0.10839;
2.4957e-13;
8.1549e-14;
4.8498e-14;
2.7422e-14;
2.4744e-14;
2.4279e-14;
1.6367e-14;
1.0571e-14;
20.25;
10.125;
9.2867;
1.601;
1.3229;
0.1599;
0.15852;
0.15768;
91.125;
45.562;
38.648;
38.224;
38.058;
38.042;
38.037;
38.036;
38.036;
38.036;
38.036;
38.036;
38.036;
38.036;
38.036;
38.036;
38.036;
38.036;
38.036;
38.036;
38.036;
38.036;
3.638e-14;
1.5186e-14;
91.125;
45.562;
18.955;
18.955;
18.955;
18.955;
1.0127e-13;
7.1087e-14;
3.2722e-14;
4.5;
2.25;
2.1078;
0.14999;
0.14778;
0.0014541;
0.00028853;
91.125;
45.562;
34.057;
34.057;
1.0453e-09;
4.5;
2.25;
1.7391;
0.02215;
0.019497;
0.00013653;
4.5;
20.25;
10.125;
6.9006;
6.9006;
6.9006;
2.3471e-13;
6.4177e-14;
6.3554e-14;
2.9448e-14;
1.2124e-14;
91.125;
45.562;
31.28;
31.27;
31.258;
31.258;
31.258;
31.258;
31.258;
31.258;
31.258;
31.258;
8.5394e-14;
3.7229e-14;
2.2597e-14;
20.25;
10.125;
9.3658;
1.1045;
0.69245;
0.63747;
0.0002009;
0.00014997;
91.125;
45.562;
33.795;
33.749;
33.71;
33.71;
33.71;
33.71;
33.71;
33.71;
33.71;
33.71;
33.71;
33.71;
1.1088e-13;
7.5412e-14;
2.704e-14;
2.6247e-14;
1.8473e-14;
91.125;
45.562;
37.552;
37.269;
37.136;
37.128;
37.125;
37.125;
37.125;
37.124;
37.124;
37.124;
37.124;
37.124;
37.124;
37.124;
37.124;
37.124;
37.124;
37.124;
4.3327e-14;
2.2485e-14;
1.6395e-14;
9.5509e-15;
410.06;
205.03;
131.47;
130.16;
127.83;
127.83;
127.83;
2.343e-13;
6.3772e-14;
6.3318e-14;
2.9676e-14;
2.2716e-14;
91.125;
45.562;
37.62;
0.21844;
0.068202;
0.0019575;
3.043e-13;
1.2078e-13;
5.2568e-14;
3.5515e-14;
20.25;
10.125;
7.39;
1.3672;
1.2527;
0.11874;
0.11836;
0.00031864;
20.25;
10.125;
9.2644;
1.211;
0.80734;
0.73141;
0.00016631;
4.5;
2.25;
1.5133;
0.04494;
0.041112;
0.04078;
91.125;
45.562;
31.533;
31.522;
31.509;
31.509;
31.509;
31.509;
31.509;
31.509;
31.509;
31.509;
7.1115e-14;
5.2645e-14;
2.3088e-14;
9.5894e-15;
91.125;
4.5;
2.25;
1.4842;
0.03515;
0.034015;
0.033836;
20.25;
10.125;
5.2237;
5.2237;
5.8805e-12;
3.7048e-13;
1.3923e-13;
5.0554e-14;
1.5365e-14;
3.5961e-15;
20.25;
4.5;
2.25;
0.14091;
0.14091;
6.761e-14;
3.4629e-14;
1.8401e-14;
1.3675e-14;
91.125;
45.562;
39.584;
39.011;
38.818;
38.792;
38.784;
38.783;
38.782;
38.782;
38.782;
38.782;
38.782;
38.782;
38.782;
38.782;
38.782;
38.782;
38.782;
38.782;
38.782;
38.782;
8.5084e-14;
8.3625e-14;
6.1202e-14;
91.125;
45.562;
30.697;
30.691;
30.683;
30.683;
30.683;
30.683;
30.683;
30.683;
30.683;
6.7016e-14;
2.8432e-14;
2.2904e-14;
1.8746e-14;
4.5;
2.25;
2.0592;
0.014811;
0.012618;
0.012494;
91.125;
45.562;
24.792;
24.792;
24.792;
24.792;
24.792;
24.792;
24.792;
1.6823e-14;
9.2865e-15;
3.7058e-15;
91.125;
45.562;
12.254;
0.54281;
0.040057;
0.040057;
2.324e-13;
8.0648e-14;
3.9615e-14;
2.0179e-14;
1.229e-14;
91.125;
45.562;
33.196;
32.441;
32.42;
32.418;
32.418;
32.418;
32.418;
32.418;
32.418;
32.418;
32.418;
5.8299e-14;
5.6381e-14;
3.4285e-14;
1.889e-14;
1.2446e-14;
7.0714e-15;
20.25;
10.125;
0.20417;
0.18668;
0.152;
0.152;
4.9899e-06;
91.125;
91.125;
45.562;
21.576;
21.576;
21.576;
21.576;
1.6091e-11;
2.3387e-13;
20.25;
20.25;
10.125;
7.1706;
1.3615;
1.355;
0.10776;
0.10715;
0.10647;
91.125;
45.562;
33.433;
32.074;
32.057;
32.055;
32.055;
32.055;
32.055;
32.055;
32.055;
32.055;
32.055;
8.1478e-14;
5.3784e-14;
3.3067e-14;
1.0403e-14;
9.7716e-15;
91.125;
45.562;
30.198;
30.198;
3.7011e-09;
91.125;
45.562;
23.419;
23.419;
23.419;
23.419;
3.8862e-10;
2.3165e-13;
7.1943e-14;
4.1286e-14;
1.8193e-14;
1.3921e-14;
4.5;
2.25;
0.51672;
0.51672;
0.51672;
1.7085e-13;
3.619e-14;
3.5591e-14;
1.095e-14;
91.125;
45.562;
35.795;
35.795;
2.4083e-10;
91.125;
45.562;
34.357;
34.294;
34.245;
34.245;
34.244;
34.244;
34.244;
34.244;
34.244;
34.244;
34.244;
34.244;
34.244;
2.2773e-13;
8.4857e-14;
4.2487e-14;
2.4677e-14;
1.516e-14;
1.1438e-14;
91.125;
45.562;
30.95;
30.95;
30.95;
2.3391e-13;
20.25;
10.125;
8.8506;
1.4812;
1.1529;
0.13141;
0.13126;
0.00026091;
91.125;
45.562;
25.218;
25.218;
25.217;
25.217;
25.217;
25.217;
25.217;
3.0334e-13;
1.0148e-13;
4.6243e-14;
2.3111e-14;
1.5089e-14;
4.5;
20.25;
10.125;
8.0053;
2.4288;
2.3573;
0.069484;
0.066816;
0.065544;
91.125;
45.562;
25.15;
25.149;
25.149;
25.149;
25.149;
25.149;
1.3439e-13;
5.1163e-14;
2.5577e-14;
1.6037e-14;
1.123e-14;
91.125;
45.562;
29.927;
29.924;
29.918;
29.918;
29.918;
29.918;
29.918;
29.918;
9.8831e-13;
1.6167e-13;
5.9492e-14;
2.3626e-14;
1.8213e-14;
1.409e-14;
1.0368e-14;
91.125;
45.562;
37.376;
37.112;
36.984;
36.977;
36.975;
36.974;
36.974;
36.974;
36.974;
36.974;
36.974;
36.974;
36.974;
36.974;
36.974;
36.974;
36.974;
3.0248e-14;
1.2302e-14;
9.6601e-15;
410.06;
205.03;
78.83;
78.776;
78.653;
78.653;
78.652;
78.652;
78.652;
78.652;
78.652;
78.652;
78.652;
78.652;
8.5513e-14;
8.5269e-14;
3.5475e-14;
1.5202e-14;
91.125;
45.562;
37.867;
37.547;
37.404;
37.394;
37.391;
37.39;
37.39;
37.39;
37.39;
37.39;
37.39;
37.39;
37.39;
37.39;
37.39;
37.39;
37.39;
37.39;
1.3068e-14;
91.125;
45.562;
28.926;
28.925;
28.922;
28.922;
28.922;
28.922;
28.922;
28.922;
8.606e-14;
3.9336e-14;
1.9145e-14;
1.8274e-14;
20.25;
10.125;
8.4179;
8.4179;
4.2011e-13;
1.3605e-13;
6.0834e-14;
2.4469e-14;
1.8727e-14;
1.0306e-14;
5.7542e-15;
5.185e-15;
91.125;
20.25;
10.241;
0.18476;
0.068618;
0.057385;
0.057377;
91.125;
20.25;
10.125;
5.1944;
5.1944;
5.1944;
2.0695e-13;
7.6512e-14;
3.4973e-14;
91.125;
45.562;
20.831;
20.831;
20.831;
20.831;
3.9787e-12;
1.7144e-13;
8.2579e-14;
8.2146e-14;
3.6897e-14;
1.8322e-14;
1.3573e-14;
91.125;
4.5;
2.25;
2.1817;
0.16828;
0.16631;
0.001729;
3.9433e-06;
20.25;
10.125;
9.6381;
9.6381;
9.6381;
2.3049e-14;
2.2779e-14;
1.2711e-14;
1.0036e-14;
7.0508e-15;
91.125;
45.562;
16.861;
16.861;
4.8779e-08;
2.9014e-13;
8.1991e-14;
8.1482e-14;
3.2668e-14;
1.7982e-14;
91.125;
91.125;
45.562;
21.244;
21.244;
21.244;
21.244;
8.6954e-12;
2.3389e-13;
91.125;
45.562;
35.627;
35.505;
35.428;
35.426;
35.425;
35.425;
35.425;
35.425;
35.425;
35.425;
35.425;
35.425;
35.425;
35.425;
1.1896e-13;
4.9321e-14;
2.3659e-14;
1.6159e-14;
1.2993e-14;
8.1531e-15;
5.4137e-15;
91.125;
45.562;
27.052;
27.051;
27.05;
27.05;
27.05;
27.05;
7.2786e-12;
2.1476e-13;
6.9803e-14;
3.1118e-14;
2.9151e-14;
2.2077e-14;
9.717e-15;
91.125;
20.25;
91.125;
45.562;
18.518;
18.518;
18.518;
9.201e-14;
5.5846e-14;
2.5804e-14;
1.1678e-14;
91.125;
45.562;
30.178;
30.174;
30.167;
30.167;
30.167;
30.167;
30.167;
30.167;
1.7858e-12;
1.8626e-13;
7.0764e-14;
3.3033e-14;
1.7081e-14;
9.9509e-15;
3.4451e-15;
91.125;
45.562;
23.074;
23.074;
23.074;
23.074;
2.2197e-10;
2.3293e-13;
8.9326e-14;
3.5215e-14;
1.7524e-14;
1.6926e-14;
1.4951e-14;
1.0078e-14;
91.125;
45.562;
16.597;
16.597;
2.9637e-08;
3.5732e-14;
91.125;
45.562;
39.869;
38.995;
38.807;
38.77;
38.762;
38.761;
38.761;
38.76;
38.76;
38.76;
38.76;
38.76;
38.76;
38.76;
38.76;
38.76;
38.76;
38.76;
38.76;
38.76;
1.0221e-13;
3.1198e-14;
1.5639e-14;
91.125;
45.562;
31.629;
31.617;
31.602;
31.602;
31.602;
31.602;
31.602;
31.602;
31.602;
31.602;
9.2661e-14;
3.1672e-14;
2.3094e-14;
8.5773e-15;
91.125;
45.562;
31.902;
31.902;
4.3646e-09;
91.125;
45.562;
19.703;
19.703;
19.703;
19.703;
4.2008e-13;
1.038e-13;
5.138e-14;
20.25;
10.125;
2.3738;
2.3738;
3.7125e-11;
91.125;
45.562;
21.326;
21.326;
21.326;
21.326;
21.326;
1.5014e-13;
91.125;
45.562;
18.868;
18.868;
18.868;
18.868;
18.868;
18.868;
4.2842e-14;
2.9645e-14;
1.1683e-14;
3.4451e-15;
4.5;
2.25;
1.3624;
0.015104;
0.014677;
6.7172e-05;
91.125;
4.5;
2.25;
2.0683;
0.14064;
0.13834;
0.0013198;
91.125;
91.125;
45.562;
26.686;
26.686;
26.685;
26.685;
26.685;
26.685;
3.427e-12;
2.1364e-13;
8.2266e-14;
2.9212e-14;
91.125;
45.562;
27.856;
27.855;
27.854;
27.854;
27.854;
27.854;
27.854;
7.3518e-14;
2.6855e-14;
1.4965e-14;
1.4779e-14;
91.125;
45.562;
35.74;
35.611;
35.531;
35.529;
35.528;
35.528;
35.528;
35.528;
35.528;
35.528;
35.528;
35.528;
35.528;
35.528;
35.528;
5.1994e-14;
2.2325e-14;
8.1557e-15;
4.5829e-15;
3.3838e-15;
91.125;
45.562;
21.518;
21.518;
21.518;
21.518;
1.4462e-11;
91.125;
45.562;
33.129;
32.632;
32.609;
32.608;
32.607;
32.607;
32.607;
32.607;
32.607;
32.607;
32.607;
9.6097e-14;
4.0095e-14;
1.5222e-14;
9.9081e-15;
91.125;
45.562;
22.72;
22.72;
22.72;
22.72;
1.2334e-10;
2.335e-13;
7.7177e-14;
3.8605e-14;
3.7809e-14;
1.9538e-14;
9.6169e-15;
91.125;
45.562;
43.926;
30.11;
30.108;
30.102;
30.102;
30.102;
30.102;
30.102;
30.102;
1.4183e-12;
1.7438e-13;
6.7583e-14;
3.0836e-14;
1.5907e-14;
1.2411e-14;
4.5;
2.25;
1.3874;
0.016188;
0.015568;
0.015496;
7.5636e-05;
20.25;
10.125;
9.3793;
1.0888;
0.67636;
0.62434;
0.00020341;
91.125;
45.562;
33.045;
33.045;
33.045;
2.3391e-13;
91.125;
45.562;
36.515;
36.331;
36.229;
36.225;
36.224;
36.224;
36.224;
36.224;
36.224;
36.224;
36.224;
36.224;
36.224;
36.224;
36.224;
1.1178e-13;
3.3759e-14;
3.1131e-14;
91.125;
45.562;
31.028;
31.02;
31.01;
31.01;
31.01;
31.01;
31.01;
31.01;
31.01;
31.01;
1.7707e-14;
1.1166e-14;
91.125;
45.562;
18.93;
18.93;
18.93;
18.93;
18.93;
1.2245e-13;
4.7403e-14;
3.2073e-14;
1.6578e-14;
9.3385e-15;
6.6317e-15;
4.5;
91.125;
45.562;
12.322;
0.45658;
0.037674;
0.037674;
6.1805e-14;
3.526e-14;
3.3242e-14;
1.0283e-14;
20.25;
10.125;
9.8309;
1.0487;
0.72649;
0.07926;
0.078867;
0.078709;
1.7722e-06;
91.125;
45.562;
10.6;
0.87863;
0.083944;
0.083944;
2.1923e-13;
8.8215e-14;
5.3765e-14;
3.1372e-14;
3.0333e-14;
1.5933e-14;
9.6002e-15;
200;
100;
100;
100;
2.3348e-13;
6.2949e-14;
6.1789e-14;
2.3381e-14;
1.8321e-14;
9.586e-15;
0.0099;
0.0055709;
0.00495;
0.0039015;
0.0033453;
0.0027745;
0.0023746;
0.002021;
0.0017445;
0.00151;
0.0013182;
0.0011565;
0.00013774;
0.00013511;
5.6499e-05;
1.773e-05;
1.4116e-05;
6.8295e-06;
9.3455e-07;
3.0749e-07;
2.604e-07;
8.684e-08;
7.6942e-08;
2.234e-08;
2.2319e-08;
8.4165e-09;
7.9155e-09;
2.2763e-09;
1.6942e-09;
5.6528e-10;
4.37e-10;
1.0282e-10;
