0.0099;
0.0055709;
0.00495;
0.0039015;
0.0033453;
0.0027745;
0.0023746;
0.002021;
0.0017445;
0.00151;
0.0013182;
0.0011565;
0.00013774;
0.00013511;
5.6499e-05;
1.773e-05;
1.4116e-05;
6.8295e-06;
9.3455e-07;
3.0749e-07;
2.604e-07;
8.684e-08;
7.6942e-08;
2.234e-08;
2.2319e-08;
8.4165e-09;
7.9155e-09;
2.2763e-09;
1.6942e-09;
5.6528e-10;
4.37e-10;
1.0282e-10;
11.391;
5.6953;
4.8469;
0.22943;
0.16112;
0.15435;
0.15434;
4.5508e-06;
5.0625;
2.5312;
0.49618;
0.49618;
1.1393e-13;
9.9559e-14;
2.7597e-14;
1.3092e-14;
1.104e-14;
6.0539e-15;
5.0625;
2.5312;
0.67931;
0.67931;
1.2524e-13;
9.73e-14;
3.0455e-14;
2.9559e-14;
2.4361e-14;
7.94e-15;
6.1014e-15;
2.4923e-15;
9.0635e-16;
1.5;
0.75;
0.56432;
0.0034393;
0.0031839;
25.629;
12.814;
12.181;
2.1072;
1.1534;
1.0998;
0.0010687;
0.00092249;
7.5938;
3.7969;
3.6858;
0.037129;
0.031098;
0.00099339;
7.5938;
3.7969;
2.3375;
2.3375;
2.3375;
2.1509e-13;
6.819e-14;
2.6579e-14;
1.0061e-14;
8.7451e-15;
7.5938;
3.7969;
3.6885;
0.036729;
0.030808;
0.00098785;
0.0008911;
25.629;
12.814;
1.1995;
0.85848;
0.28848;
0.28846;
0.00033605;
7.5938;
3.7969;
2.6404;
0.21069;
0.19745;
0.1935;
0.19349;
0.19349;
25.629;
12.814;
7.676;
1.1976;
1.069;
0.0050454;
0.0044263;
0.0044102;
1.7048e-05;
25.629;
12.814;
1.7504;
1.7504;
1.7504;
2.3391e-13;
38.443;
19.222;
11.031;
11.031;
11.031;
2.3391e-13;
25.629;
12.814;
12.766;
1.9068;
1.1073;
0.083808;
0.082683;
0.082316;
0.00015156;
25.629;
12.814;
12.614;
12.614;
6.9462e-14;
4.7769e-14;
2.0318e-14;
17.086;
8.543;
0.11101;
0.11101;
0.11101;
2.3405e-13;
1.2037e-13;
25.629;
12.93;
0.98802;
0.87211;
0.50909;
0.50893;
0.00011703;
11.391;
5.6953;
3.7712;
0.24442;
0.20345;
0.19632;
0.19631;
1.053e-05;
11.391;
5.6953;
0.15101;
0.14446;
0.13574;
0.13574;
8.4385e-06;
25.629;
12.814;
3.7176;
1.7012e-08;
1.7009e-08;
2.3391e-13;
1.2022e-13;
38.443;
19.222;
6.54;
6.54;
6.54;
2.3391e-13;
5.0625;
2.5312;
2.1536;
0.014759;
0.0086449;
4.6209e-05;
7.5938;
3.7969;
3.1807;
0.091209;
0.076059;
0.0017155;
11.391;
5.6953;
4.1185;
0.32055;
0.28801;
0.010499;
0.010477;
0.010474;
25.629;
12.814;
12.222;
3.0903;
2.6539;
0.43691;
0.42992;
0.0068717;
2.3363e-05;
25.629;
12.814;
12.008;
12.008;
12.008;
2.7242e-13;
9.0128e-14;
2.8117e-14;
25.629;
12.814;
10.685;
2.8539;
2.6554;
0.37939;
0.3755;
0.0046006;
3.7419e-05;
17.086;
8.543;
7.8518;
0.60067;
0.37185;
0.3492;
7.2061e-05;
25.629;
13.029;
0.21453;
0.18286;
0.045699;
0.04569;
1.1983e-05;
25.629;
12.814;
2.0146;
2.0146;
2.0146;
2.3391e-13;
1.5;
0.75;
0.58465;
0.0039803;
0.0037305;
0.0037275;
5.0625;
2.5312;
1.6875;
1.6875;
9.5162e-14;
2.8925e-14;
2.5866e-14;
3.375;
1.6875;
0.041875;
0.039826;
0.039412;
0.00020847;
11.391;
5.6953;
0.1609;
0.15134;
0.14445;
0.14445;
25.629;
12.814;
5.022;
5.022;
5.022;
2.3393e-13;
11.391;
5.6953;
4.9889;
0.27792;
0.22488;
0.011123;
0.011102;
0.00018037;
11.391;
5.6953;
4.3104;
0.2831;
0.22303;
0.21385;
0.21384;
11.391;
5.6953;
3.945;
3.945;
3.411e-13;
9.3972e-14;
3.6137e-14;
3.3048e-14;
4.8732e-15;
25.629;
12.839;
12.814;
1.5306;
0.76485;
0.76426;
7.5858e-05;
7.5938;
3.7969;
1.2486;
1.2486;
1.2486;
2.3344e-13;
7.9624e-14;
3.7424e-14;
1.0703e-14;
8.8509e-15;
5.1939e-15;
7.5938;
3.7969;
2.6812;
0.09738;
0.086985;
0.0014716;
2.6807e-05;
3.375;
1.6875;
1.2297;
0.029442;
0.027414;
0.027256;
25.629;
12.814;
11.247;
11.247;
3.8365e-13;
5.9781e-14;
5.5746e-14;
2.0435e-14;
8.3768e-15;
11.391;
5.6953;
3.9696;
0.30429;
0.27733;
0.009547;
0.009529;
11.391;
5.6953;
3.9219;
0.29776;
0.27259;
0.0092147;
2.9856e-05;
7.5938;
3.7969;
3.2165;
0.05991;
0.039605;
0.038897;
1.7528e-06;
7.5938;
3.7969;
3.0031;
0.099238;
0.08478;
0.0017362;
7.5575e-05;
5.0625;
2.5312;
0.069558;
0.066567;
0.065122;
1.8756e-05;
25.629;
12.814;
10.725;
10.725;
10.725;
2.0357e-13;
6.8548e-14;
5.2012e-14;
5.1306e-14;
3.4106e-14;
1.7053e-14;
5.6843e-15;
5.2203e-15;
11.391;
5.6953;
4.3122;
0.28308;
0.22296;
0.21377;
0.21376;
0.21376;
1.4487e-06;
38.443;
19.222;
7.2234;
7.2234;
7.2234;
2.3391e-13;
11.391;
5.6953;
3.5102;
0.216;
0.20581;
0.0060084;
3.2876e-05;
11.391;
5.6953;
3.2345;
0.12663;
0.10455;
0.10165;
0.10165;
7.5938;
3.7969;
3.2462;
0.057146;
0.037188;
0.036544;
25.629;
12.814;
12.204;
2.045;
1.0758;
1.0469;
0.0010984;
0.0010306;
0.0010273;
0.0001589;
11.391;
5.6953;
3.0313;
0.064111;
0.048385;
0.04732;
2.25;
1.125;
0.79193;
0.0030776;
0.0029658;
1.3782e-05;
38.443;
19.222;
5.4197;
5.4197;
5.4197;
2.3391e-13;
1.5;
0.75;
0.0054624;
0.0048535;
0.0048502;
1.2819e-05;
25.629;
12.814;
10.797;
10.797;
10.797;
2.3391e-13;
1.0398e-13;
5.7065e-14;
5.6323e-14;
2.6201e-14;
1.2025e-14;
7.5938;
3.7969;
2.2211;
2.2211;
1.4416e-13;
3.2325e-14;
1.5272e-14;
25.629;
12.814;
11.156;
3.2531;
3.2036;
0.40113;
0.39215;
0.01007;
11.391;
5.6953;
4.3354;
4.3354;
4.3354;
2.4006e-13;
7.9543e-14;
3.0546e-14;
1.9605e-14;
1.0746e-14;
5.3491e-15;
3.375;
1.6875;
0.98488;
0.0082535;
0.0068382;
2.5477e-05;
11.391;
5.6953;
4.9231;
4.9231;
4.9231;
2.9217e-14;
1.2788e-14;
9.6392e-15;
5.0625;
2.5312;
1.4962;
0.015349;
0.011274;
6.6745e-05;
11.391;
5.6953;
4.3903;
0.33328;
0.29108;
0.011772;
0.011744;
1.1379e-05;
3.375;
1.6875;
0.071482;
0.070336;
0.069616;
2.7183e-05;
3.375;
1.6875;
1.4463;
2.1679e-13;
3.263e-14;
2.6611e-14;
1.9437e-14;
6.8566e-15;
17.086;
8.543;
6.6241;
1.0667;
0.98675;
0.072774;
0.072318;
0.072053;
25.629;
12.814;
11.8;
2.7156;
2.072;
0.31833;
0.3176;
0.0021301;
25.629;
12.814;
9.8191;
2.7201;
2.6314;
0.19548;
0.19028;
0.18632;
2.25;
1.125;
0.13018;
0.12995;
0.00030709;
11.391;
5.6953;
2.8847;
2.8847;
2.8847;
4.2895e-14;
3.1038e-14;
2.0766e-14;
8.2273e-15;
4.8438e-15;
17.086;
8.543;
8.139;
8.139;
8.139;
6.6492e-14;
3.9165e-14;
2.1952e-14;
1.3533e-14;
38.443;
19.222;
11.476;
11.476;
11.476;
2.3392e-13;
2.25;
1.125;
0.78167;
0.0030279;
0.0029332;
11.391;
5.6953;
1.1223;
1.1223;
1.1223;
2.3425e-13;
4.4771e-14;
1.5;
25.629;
12.814;
5.2302;
8.2963e-08;
9.6539e-12;
25.629;
12.814;
11.769;
3.3034;
3.0953;
0.45555;
0.44575;
0.010008;
3.375;
1.6875;
0.94144;
0.0030937;
0.0018293;
38.443;
19.222;
9.2699;
9.2699;
4.8916e-10;
11.391;
5.6953;
4.2423;
0.28309;
0.22517;
0.21604;
0.21603;
2.7747e-06;
11.391;
5.6953;
3.8383;
0.25387;
0.2104;
0.20285;
0.20284;
11.391;
5.6953;
4.3302;
0.33241;
0.29224;
0.011554;
0.011527;
0.011524;
5.0625;
2.5312;
1.9233;
0.031188;
0.027426;
0.00023697;
17.086;
8.543;
0.61767;
0.61767;
0.61767;
5.1386e-13;
1.7003e-13;
1.203e-13;
1.202e-13;
4.6643e-14;
2.3237e-14;
1.3514e-14;
11.391;
5.6953;
3.3561;
0.17448;
0.16949;
0.0047286;
5.8547e-05;
25.629;
12.814;
0.058342;
0.058342;
3.4493e-11;
25.629;
12.814;
1.4353;
1.4353;
1.4353;
2.3391e-13;
25.629;
12.814;
10.058;
10.058;
10.058;
2.7093e-13;
7.1501e-14;
3.9019e-14;
17.086;
8.543;
8.3501;
0.46364;
0.32689;
0.031022;
0.030956;
1.8883e-05;
11.391;
5.6953;
3.2162;
0.13201;
0.13152;
0.0035573;
38.443;
19.222;
8.3103;
8.3103;
9.2651e-10;
17.086;
8.543;
8.2857;
0.53198;
0.37854;
0.035815;
0.035726;
2.7089e-05;
7.5938;
3.7969;
2.1315;
0.037659;
0.028894;
0.028548;
6.1769e-05;
17.086;
8.543;
0.55664;
0.23059;
0.09741;
0.097406;
0.097395;
0.097394;
5.3296e-06;
2.25;
1.125;
1.0897;
8.3532e-14;
3.6894e-14;
6.9218e-15;
11.391;
5.6953;
3.405;
3.405;
3.405;
4.0256e-13;
1.3458e-13;
27;
13.516;
13.5;
2.1515;
1.1461;
0.040897;
0.039535;
0.039331;
0.0010613;
27;
27;
13.5;
4.4515;
4.4515;
1.5924e-10;
27;
13.5;
0.89233;
0.59263;
0.13902;
0.13892;
0.13878;
0.00044573;
81;
27;
13.5;
5.5441;
5.5441;
7.7888e-11;
3;
1.5;
0.5297;
3.7774e-14;
2.4169e-14;
1.1533e-14;
27;
27;
13.5;
6.0251;
6.0251;
6.0251;
2.3391e-13;
27;
13.5;
12.303;
3.2528;
2.7122;
0.46304;
0.46006;
0.0052063;
0.0051998;
6.0053e-05;
3;
1.5;
0.78452;
0.78344;
0.00051291;
27;
13.5;
1.5901;
1.2223;
0.428;
0.4279;
0.00071934;
27;
13.5;
1.2511;
0.91869;
0.28035;
0.28029;
0.00042567;
9;
4.5;
4.2407;
0.086315;
0.068782;
0.0026221;
27;
13.5;
12.342;
12.342;
12.342;
2.3403e-13;
2.3391e-13;
7.8539e-14;
3.0292e-14;
1.7364e-14;
1.009e-14;
7.1618e-15;
81;
40.5;
31.756;
31.738;
31.727;
31.727;
31.727;
31.727;
31.727;
31.727;
31.727;
31.727;
9.8099e-14;
4.4519e-14;
2.2036e-14;
1.4076e-14;
4.2376e-15;
27;
13.547;
1.9812;
1.9342;
0.98679;
0.98662;
0.0009478;
81;
81;
40.5;
22.414;
22.414;
22.414;
22.414;
6.5205e-11;
2.3374e-13;
4.4265e-14;
4.3901e-14;
1.7007e-14;
1.4922e-14;
81;
27;
27;
13.5;
1.4196;
1.0701;
0.35187;
0.35187;
0.35126;
27;
13.5;
10.96;
3.363;
3.263;
0.2779;
0.26801;
0.26004;
0.26004;
1.9592e-06;
27;
13.5;
2.884;
2.3144;
1.1421;
1.1419;
0.0014449;
81;
81;
81;
27;
13.5;
12.885;
2.4659;
1.3265;
1.2735;
0.0015378;
0.0013241;
27;
13.5;
5.0155;
5.0155;
5.0155;
2.3391e-13;
81;
27;
13.5;
8.9661;
8.9661;
8.9661;
2.3398e-13;
8.2398e-14;
8.2163e-14;
3.6915e-14;
1.0432e-14;
9.9811e-15;
7.2764e-15;
27;
13.5;
9.093;
9.093;
9.093;
2.34e-13;
6.3466e-14;
27;
13.587;
1.7048;
1.6183;
0.88144;
0.88103;
0.00041918;
81;
40.5;
33.98;
33.915;
33.888;
33.888;
33.888;
33.888;
33.888;
33.888;
33.888;
33.888;
33.888;
33.888;
33.888;
4.0573e-14;
2.9218e-14;
1.8489e-14;
9.0862e-15;
5.2758e-15;
3.3143e-15;
81;
40.5;
24.316;
24.316;
24.316;
24.316;
24.316;
9.8102e-14;
5.1166e-14;
1.3121e-14;
81;
40.5;
27.877;
27.876;
27.875;
27.875;
27.875;
27.875;
27.875;
8.6891e-14;
3.7077e-14;
1.7681e-14;
1.3888e-14;
27;
13.5;
11.691;
11.691;
11.691;
2.3445e-13;
1.0182e-13;
3.5499e-14;
3.4959e-14;
1.4377e-14;
27;
13.5;
1.4633;
1.1092;
0.37101;
0.37099;
0.00063501;
81;
81;
40.5;
25.274;
25.274;
25.274;
2.3391e-13;
81;
40.5;
21.575;
21.575;
21.575;
21.575;
1.5424e-11;
2.3386e-13;
27;
13.5;
12.479;
3.145;
2.4695;
0.4125;
0.41099;
0.0038423;
0.0038369;
1.4738e-05;
27;
13.5;
8.0163;
1.2593;
0.16165;
0.15428;
0.15356;
27;
27;
13.5;
3.7693;
3.7693;
2.3682e-10;
81;
40.5;
26.676;
26.676;
26.676;
2.3391e-13;
81;
40.5;
27.664;
27.663;
27.662;
27.662;
27.662;
27.662;
27.662;
4.3942e-14;
3.456e-14;
1.0008e-14;
9.8538e-15;
27;
81;
27;
81;
40.5;
25.638;
25.638;
25.637;
25.637;
25.637;
25.637;
3.0843e-13;
1.0362e-13;
4.1151e-14;
3.0104e-14;
2.366e-14;
1.7539e-14;
27;
13.5;
9.7707;
2.9215;
2.6919;
0.044811;
0.038017;
0.037195;
3.7578e-05;
3;
81;
81;
40.5;
30.671;
30.662;
30.656;
30.656;
30.656;
30.656;
30.656;
30.656;
30.656;
6.3361e-14;
2.8325e-14;
1.9142e-14;
8.6998e-15;
4.034e-15;
3.4927e-15;
27;
13.5;
13.43;
2.5966;
1.649;
0.19252;
0.19019;
0.18868;
4.6837e-06;
9;
4.5;
0.8166;
0.8166;
0.8166;
2.3455e-13;
8.2965e-14;
8.2013e-14;
3.4206e-14;
1.449e-14;
27;
13.5;
12.638;
2.9761;
2.143;
0.32505;
0.32498;
0.0023756;
27;
13.5;
1.0386;
1.0386;
1.0386;
2.3391e-13;
81;
81;
81;
27;
13.5;
12.321;
3.2447;
2.692;
0.45946;
0.45662;
0.0050834;
81;
27;
13.5;
1.3642;
1.0204;
0.32795;
0.32793;
0.32739;
81;
40.5;
29.329;
29.325;
29.322;
29.322;
29.322;
29.322;
29.322;
29.322;
1.8372e-13;
1.7816e-13;
6.335e-14;
3.0659e-14;
1.9831e-14;
9.5107e-15;
81;
40.5;
30.113;
30.107;
30.103;
30.103;
30.103;
30.103;
30.103;
30.103;
1.1613e-12;
1.6498e-13;
6.1829e-14;
2.249e-14;
1.2079e-14;
8.1133e-15;
81;
40.5;
40.047;
38.323;
38.267;
38.217;
38.214;
38.212;
38.212;
38.212;
38.212;
38.212;
38.212;
38.212;
38.212;
38.212;
38.212;
38.212;
38.212;
38.212;
38.212;
38.212;
3.6705e-14;
1.0356e-14;
27;
13.5;
7.8984;
7.8984;
7.8984;
2.3405e-13;
6.3522e-14;
27;
81;
81;
40.5;
29.592;
29.592;
7.0866e-10;
81;
81;
27;
13.5;
9.349;
2.5296;
2.3093;
0.033791;
0.029101;
0.028614;
5.589e-07;
81;
40.5;
81;
40.5;
31.204;
31.192;
31.183;
31.183;
31.183;
31.183;
31.183;
31.183;
31.183;
1.1521e-13;
8.7974e-14;
1.5916e-14;
4.5475e-15;
2.6235e-15;
81;
9;
4.5;
4.3867;
4.4397e-12;
9.2511e-14;
3.6297e-14;
1.6865e-14;
1.2612e-14;
81;
40.5;
40.323;
37.96;
37.905;
37.846;
37.843;
37.841;
37.841;
37.841;
37.841;
37.841;
37.841;
37.841;
37.841;
37.841;
37.841;
37.841;
37.841;
37.841;
37.841;
1.5225e-13;
6.8789e-14;
3.6566e-14;
2.3274e-14;
6.4545e-15;
3.9698e-15;
27;
13.5;
13.474;
2.3969;
1.4141;
0.12194;
0.12013;
0.11933;
81;
27;
13.5;
8.1039;
8.1039;
8.1039;
4.3917e-13;
1.3199e-13;
3.5357e-14;
3.4991e-14;
1.813e-14;
81;
40.5;
17.533;
17.533;
1.5088e-07;
2.311e-13;
7.7073e-14;
2.9712e-14;
2.4397e-14;
2.0947e-14;
81;
40.5;
27.282;
27.282;
27.282;
2.3391e-13;
27;
13.5;
4.3627;
4.3627;
4.3627;
2.3392e-13;
81;
40.5;
26.628;
26.628;
26.628;
2.3391e-13;
81;
81;
40.5;
19.215;
19.215;
19.215;
19.215;
19.215;
2.908e-14;
1.776e-14;
8.0385e-15;
81;
27;
13.5;
1.7019;
1.3213;
0.47999;
0.4798;
0.00078534;
81;
40.5;
16.015;
16.015;
6.5183e-09;
2.339e-13;
3;
1.5;
1.27;
0.038636;
0.037229;
0.036998;
27;
13.5;
9.2049;
9.2049;
9.2049;
2.342e-13;
3.525e-14;
81;
81;
40.5;
21.68;
21.68;
21.68;
21.68;
21.68;
8.3924e-14;
81;
40.5;
26.949;
26.949;
4.5056e-09;
27;
13.5;
12.199;
3.2902;
2.8143;
0.47871;
0.47499;
0.0058487;
0.0058367;
3;
1.5;
0.95114;
0.0037434;
0.0024296;
1.3483e-05;
9;
4.5;
3.79;
3.79;
9.5222e-14;
3.1038e-14;
2.3479e-14;
1.4119e-14;
91.125;
20.25;
10.125;
1.0875;
1.0875;
1.0875;
2.3392e-13;
410.06;
205.03;
148.64;
139;
9.3189;
3.0332e-06;
3.0326e-06;
2.3411e-13;
6.3577e-14;
91.125;
45.562;
42.458;
40.191;
39.986;
39.875;
39.86;
39.853;
39.852;
39.852;
39.852;
39.852;
39.852;
39.852;
39.852;
39.852;
39.852;
39.852;
39.852;
39.852;
39.852;
39.852;
39.852;
39.852;
39.852;
5.6204e-14;
1.9207e-14;
1.4471e-14;
91.125;
45.563;
37.01;
37.01;
7.8107e-11;
410.06;
205.03;
135.41;
132.64;
128.48;
128.48;
128.48;
8.3165e-14;
20.25;
10.125;
9.7679;
1.1413;
0.81132;
0.091815;
0.091322;
0.091105;
0.00014266;
20.25;
4.5;
91.125;
45.562;
9.0916;
0.53857;
0.12476;
7.0342e-14;
4.3611e-14;
9.2679e-15;
20.25;
10.125;
7.6757;
7.6757;
2.243e-13;
8.7761e-14;
4.184e-14;
2.4893e-14;
1.4702e-14;
91.125;
91.125;
45.562;
34.197;
34.14;
34.094;
34.093;
34.093;
34.093;
34.093;
34.093;
34.093;
34.093;
34.093;
34.093;
34.093;
6.1883e-14;
2.6576e-14;
91.125;
45.562;
42.916;
40.384;
40.179;
40.051;
40.034;
40.027;
40.025;
40.025;
40.025;
40.025;
40.025;
40.025;
40.025;
40.025;
40.025;
40.025;
40.025;
40.025;
40.025;
40.025;
40.025;
40.025;
40.025;
40.025;
40.025;
8.0862e-14;
2.5284e-14;
2.0326e-14;
9.843e-15;
3.4451e-15;
91.125;
20.25;
10.125;
8.3051;
8.3051;
8.3051;
1.9262e-13;
4.7878e-14;
4.7012e-14;
2.0829e-14;
9.6602e-15;
20.25;
10.125;
5.4792;
5.4792;
5.4792;
2.8669e-13;
8.6671e-14;
5.7617e-14;
5.6831e-14;
2.7455e-14;
1.1988e-14;
20.25;
4.5;
4.5;
2.25;
1.8286;
0.012379;
0.0076688;
0.0076303;
2.1593e-05;
91.125;
45.562;
9.4724;
0.64914;
0.11406;
0.11406;
2.4351e-13;
8.263e-14;
3.6805e-14;
3.1252e-14;
91.125;
45.562;
34.362;
34.299;
34.249;
34.249;
34.249;
34.249;
34.249;
34.249;
34.249;
34.249;
34.249;
34.249;
34.249;
1.1533e-13;
1.0744e-13;
8.9129e-14;
2.9234e-14;
2.3884e-14;
7.6428e-15;
91.125;
45.562;
21.305;
21.305;
21.305;
21.305;
9.7362e-12;
2.339e-13;
91.125;
91.125;
45.562;
17.993;
17.993;
2.6236e-07;
2.6236e-07;
2.1722e-13;
7.3537e-14;
6.9304e-14;
4.6905e-14;
2.0062e-14;
1.1087e-14;
4.2622e-15;
91.125;
45.562;
23.085;
23.085;
23.085;
23.085;
2.2609e-10;
2.1291e-13;
6.2376e-14;
3.3954e-14;
3.0796e-14;
2.1773e-14;
1.9735e-14;
9.8097e-15;
91.125;
45.562;
43.722;
40.712;
40.509;
40.348;
40.329;
40.319;
40.317;
40.317;
40.317;
40.316;
40.316;
40.316;
40.316;
40.316;
40.316;
40.316;
40.316;
40.316;
40.316;
40.316;
40.316;
40.316;
40.316;
40.316;
40.316;
5.9538e-14;
3.2151e-14;
91.125;
45.562;
11.141;
0.91145;
0.070078;
1.4456e-13;
2.8758e-14;
1.4863e-14;
1.4415e-14;
20.25;
10.125;
7.3362;
7.3362;
4.3263e-13;
1.1953e-13;
4.898e-14;
1.0001e-14;
91.125;
45.562;
23.239;
23.239;
23.239;
23.239;
2.9039e-10;
2.1585e-13;
7.1391e-14;
2.3264e-14;
2.0285e-14;
1.243e-14;
7.5083e-15;
91.125;
45.562;
31.77;
31.757;
31.742;
31.742;
31.742;
31.742;
31.742;
31.742;
31.742;
31.742;
1.0417e-13;
3.9662e-14;
3.6976e-14;
2.5794e-14;
6.3053e-15;
4.5715e-15;
20.25;
10.125;
2.3913;
2.3913;
3.6828e-11;
20.25;
10.125;
10.043;
0.66343;
0.426;
0.04027;
0.040138;
3.6084e-05;
410.06;
205.03;
139.95;
135.13;
129.01;
129.01;
129.01;
1.0661e-12;
2.3396e-13;
1.7711e-13;
1.7707e-13;
6.2711e-14;
2.5485e-14;
9.3097e-15;
6.3256e-15;
91.125;
45.562;
18.016;
18.016;
2.7027e-07;
1.9334e-14;
20.25;
10.125;
1.6177;
1.6177;
1.6177;
2.3392e-13;
91.125;
45.562;
17.462;
17.462;
1.2646e-07;
2.2067e-13;
7.5978e-14;
3.6879e-14;
1.2818e-14;
91.125;
91.125;
45.562;
33.476;
33.476;
1.6243e-09;
91.125;
45.562;
30.956;
30.956;
30.956;
2.3391e-13;
410.06;
205.03;
139.34;
134.82;
128.95;
128.95;
128.95;
2.3394e-13;
91.125;
45.562;
37.039;
37.039;
37.039;
2.3392e-13;
20.25;
10.125;
9.455;
0.99372;
0.58222;
0.54753;
0.00020774;
8.3591e-05;
20.25;
10.125;
8.9229;
1.4497;
1.1065;
0.12509;
0.12501;
0.00022442;
91.125;
91.125;
45.562;
32.051;
32.051;
32.051;
2.3391e-13;
91.125;
45.562;
19.014;
19.014;
19.014;
19.014;
9.6432e-14;
2.8632e-14;
1.4646e-14;
20.25;
10.125;
9.0646;
1.3703;
0.99868;
0.10878;
0.10875;
0.0001168;
4.5;
2.25;
1.308;
0.017933;
0.015163;
8.9095e-05;
20.25;
10.125;
4.1845;
4.1845;
4.1845;
2.3396e-13;
8.238e-14;
8.1797e-14;
3.4879e-14;
1.4427e-14;
410.06;
205.03;
134;
131.79;
128.27;
128.27;
3.2651e-12;
2.6007e-14;
20.25;
10.125;
8.4614;
1.7722;
1.6445;
0.16586;
0.16403;
0.16267;
1.3584e-05;
91.125;
45.562;
18.171;
18.171;
18.171;
18.171;
2.2354e-13;
8.231e-14;
3.8849e-14;
3.2847e-14;
4.5;
91.125;
91.125;
45.562;
12.052;
0.70665;
0.04621;
0.04621;
4.947e-14;
1.8156e-14;
1.1169e-14;
91.125;
45.562;
33.95;
31.65;
31.638;
31.634;
31.634;
31.634;
31.634;
31.634;
31.634;
31.634;
31.634;
1.7026e-13;
6.4471e-14;
3.421e-14;
2.3719e-14;
1.3622e-14;
1.163e-14;
4.5;
2.25;
0.16999;
0.0027579;
2.0883e-05;
91.125;
45.562;
10.678;
0.88735;
0.081933;
1.231e-13;
3.8454e-14;
3.432e-14;
91.125;
45.562;
32.22;
32.203;
32.183;
32.183;
32.183;
32.183;
32.183;
32.183;
32.183;
32.183;
3.4299e-13;
9.643e-14;
4.4176e-14;
2.3438e-14;
1.5647e-14;
20.25;
20.25;
10.214;
0.25938;
0.17085;
0.095641;
0.095636;
0.095629;
1.0558e-06;
91.125;
45.562;
32.212;
32.195;
32.176;
32.175;
32.175;
32.175;
32.175;
32.175;
32.175;
32.175;
3.3637e-13;
9.9545e-14;
4.3458e-14;
2.7578e-14;
1.4702e-14;
9.8724e-15;
91.125;
91.125;
45.562;
34.9;
34.9;
5.2506e-10;
1.7676e-11;
4.5;
91.125;
20.25;
10.125;
3.7896;
3.7896;
1.6739e-11;
91.125;
45.562;
28.119;
28.118;
28.116;
28.116;
28.116;
28.116;
28.116;
28.116;
28.116;
1.3668e-13;
5.4883e-14;
2.636e-14;
1.5183e-14;
91.125;
45.562;
29.745;
29.741;
29.736;
29.736;
29.736;
29.736;
29.736;
29.736;
6.3656e-13;
6.3629e-13;
1.3585e-13;
5.1892e-14;
2.2159e-14;
1.4029e-14;
410.06;
205.03;
79.033;
78.943;
78.738;
78.736;
78.734;
78.734;
78.734;
78.734;
78.734;
78.734;
78.734;
78.734;
78.734;
78.734;
78.734;
78.734;
6.2415e-14;
2.6467e-14;
1.4177e-14;
91.125;
45.562;
35.258;
35.258;
3.8674e-10;
1.1408e-11;
20.25;
10.125;
5.5692;
5.5692;
5.5692;
1.7054e-13;
7.2202e-14;
5.2713e-14;
3.9721e-14;
20.25;
10.125;
6.9808;
1.2676;
1.2641;
0.095536;
0.095053;
0.094518;
91.125;
45.562;
8.9645;
0.49878;
0.12839;
6.1129e-14;
3.1831e-14;
1.1791e-14;
9.3492e-15;
91.125;
91.125;
91.125;
45.562;
36.521;
36.521;
1.24e-10;
91.125;
45.562;
33.909;
33.909;
1.1725e-09;
91.125;
45.562;
38.423;
38.225;
38.056;
38.046;
38.041;
38.041;
38.041;
38.041;
38.041;
38.041;
38.041;
38.041;
38.041;
38.041;
38.041;
38.041;
38.041;
38.041;
1.8238e-13;
2.868e-14;
1.9058e-14;
8.8551e-15;
4.5;
2.25;
1.7943;
0.021654;
0.018871;
0.018731;
0.0004174;
91.125;
45.562;
33.158;
32.535;
32.513;
32.512;
32.512;
32.512;
32.512;
32.512;
32.512;
32.512;
32.512;
6.4443e-14;
4.6646e-14;
4.4439e-14;
2.4086e-14;
1.2582e-14;
20.25;
10.125;
7.0722;
7.0722;
7.0722;
2.4561e-13;
8.6386e-14;
8.4132e-14;
5.9597e-14;
2.4237e-14;
1.1341e-14;
1.0827e-14;
5.7356e-15;
4.5;
2.25;
1.1921;
0.005922;
0.0039464;
20.25;
10.125;
8.5715;
1.5559;
1.2839;
0.14543;
0.14507;
0.00037985;
410.06;
205.03;
159.05;
142.47;
12.298;
0.010791;
0.010791;
0.010791;
2.3391e-13;
1.2022e-13;
1.2004e-13;
4.7285e-14;
2.3076e-14;
1.7016e-14;
1.4325e-14;
4.5;
2.25;
1.6549;
0.022207;
0.019878;
0.00012717;
20.25;
10.125;
5.7829;
0.49953;
0.45502;
0.036012;
91.125;
45.562;
32.122;
32.106;
32.088;
32.088;
32.088;
32.088;
32.088;
32.088;
32.088;
32.088;
2.6266e-13;
1.1789e-13;
7.9994e-14;
91.125;
45.562;
37.371;
37.107;
36.98;
36.972;
36.97;
36.97;
36.97;
36.97;
36.97;
36.97;
36.97;
36.97;
36.97;
36.97;
36.97;
36.97;
2.4444e-13;
2.1846e-13;
4.6471e-14;
1.9441e-14;
1.166e-14;
1.0786e-14;
20.25;
10.125;
6.6165;
6.6165;
6.6165;
2.2111e-13;
8.1076e-14;
3.852e-14;
3.6476e-14;
1.9113e-14;
9.6049e-15;
91.125;
91.125;
4.5;
2.25;
1.3089;
0.012472;
0.012465;
0.01242;
1.5527e-05;
20.25;
10.125;
0.10738;
0.10738;
0.10738;
2.3401e-13;
2.3391e-13;
7.8537e-14;
3.0291e-14;
1.7363e-14;
20.25;
10.125;
7.7543;
7.7543;
7.7543;
2.3404e-13;
6.3506e-14;
91.125;
45.562;
29.883;
29.883;
29.883;
2.3391e-13;
91.125;
45.562;
22.66;
22.66;
22.66;
22.66;
1.1113e-10;
2.3355e-13;
8.7385e-14;
6.3024e-14;
6.2337e-14;
2.2131e-14;
1.3614e-14;
91.125;
45.562;
43.135;
40.474;
40.27;
40.133;
40.115;
40.107;
40.106;
40.105;
40.105;
40.105;
40.105;
40.105;
40.105;
40.105;
40.105;
40.105;
40.105;
40.105;
40.105;
40.105;
40.105;
40.105;
40.105;
1.7436e-13;
1.4531e-13;
3.1474e-14;
1.7264e-14;
91.125;
45.562;
12.214;
0.58332;
0.041339;
8.7994e-14;
4.0024e-14;
2.4898e-14;
1.2717e-14;
200;
100;
100;
100;
2.3348e-13;
6.2949e-14;
6.1789e-14;
2.3381e-14;
1.8321e-14;
9.586e-15;
0.0099;
0.0055709;
0.00495;
0.0039015;
0.0033453;
0.0027745;
0.0023746;
0.002021;
0.0017445;
0.00151;
0.0013182;
0.0011565;
0.00013774;
0.00013511;
5.6499e-05;
1.773e-05;
1.4116e-05;
6.8295e-06;
9.3455e-07;
3.0749e-07;
2.604e-07;
8.684e-08;
7.6942e-08;
2.234e-08;
2.2319e-08;
8.4165e-09;
7.9155e-09;
2.2763e-09;
1.6942e-09;
5.6528e-10;
4.37e-10;
1.0282e-10;
