0.0099;
0.0055709;
0.00495;
0.0039015;
0.0033453;
0.0027745;
0.0023746;
0.002021;
0.0017445;
0.00151;
0.0013182;
0.0011565;
0.00013774;
0.00013511;
5.6499e-05;
1.773e-05;
1.4116e-05;
6.8295e-06;
9.3455e-07;
3.0749e-07;
2.604e-07;
8.684e-08;
7.6942e-08;
2.234e-08;
2.2319e-08;
8.4165e-09;
7.9155e-09;
2.2763e-09;
1.6942e-09;
5.6528e-10;
4.37e-10;
1.0282e-10;
25.629;
12.814;
2.8467;
2.8467;
2.8467;
2.3392e-13;
25.629;
12.814;
2.5014;
2.5014;
2.5014;
2.3391e-13;
17.086;
8.543;
7.6204;
0.98543;
0.81069;
0.076052;
0.075628;
0.07544;
6.8406e-05;
25.629;
12.814;
11.606;
2.8442;
2.326;
0.37089;
0.36902;
0.0031283;
7.2784e-05;
7.5938;
3.7969;
3.476;
0.030528;
0.015647;
0.015614;
4.6764e-05;
17.086;
8.543;
0.86953;
0.86953;
0.86953;
2.3394e-13;
25.629;
12.814;
12.151;
3.1483;
2.7575;
0.4486;
0.44092;
0.0076078;
11.391;
5.6953;
4.9541;
4.9541;
4.9541;
2.3397e-13;
9.4045e-14;
4.9226e-14;
2.2834e-14;
5.0625;
2.5312;
1.5915;
0.019138;
0.01424;
0.014145;
8.6788e-06;
25.629;
12.814;
11.714;
2.7819;
2.1974;
0.34614;
0.34489;
0.002595;
4.3278e-05;
2.25;
1.125;
0.554;
2.4245e-13;
8.8127e-14;
4.1084e-14;
3.8046e-14;
25.629;
12.814;
3.1332;
3.4999e-09;
3.4982e-09;
2.1072e-13;
7.8498e-14;
7.7592e-14;
5.4417e-14;
1.4943e-14;
3.375;
1.6875;
0.16474;
0.16474;
0.16474;
2.2861e-13;
7.8289e-14;
3.0421e-14;
1.5232e-14;
25.629;
12.814;
10.27;
2.9469;
2.8887;
0.26081;
0.25435;
0.24835;
4.0632e-06;
7.5938;
3.7969;
0.051105;
0.051105;
0.051105;
8.6276e-14;
3.5864e-14;
2.4883e-14;
8.3281e-15;
4.608e-15;
25.629;
12.814;
10.41;
10.41;
10.41;
2.3391e-13;
2.3375e-13;
7.9599e-14;
3.0864e-14;
1.7469e-14;
1.4759e-14;
25.629;
12.814;
6.6326;
6.6326;
6.6326;
2.068e-13;
8.6813e-14;
2.9301e-14;
17.086;
8.543;
5.1822;
0.54273;
0.53906;
0.027581;
0.02754;
0.027501;
17.086;
8.543;
4.4314;
4.3307;
0.023463;
0.016056;
0.00047652;
38.443;
19.222;
9.5993;
9.5993;
3.8793e-10;
1.522e-13;
4.2189e-14;
3.8742e-14;
1.0689e-14;
17.086;
8.543;
7.4289;
2.3708;
2.3415;
0.075145;
0.073189;
0.071805;
7.5937;
3.7969;
2.2044;
0.047041;
0.036877;
0.036391;
2.25;
1.125;
0.89051;
0.0032022;
0.0029694;
1.2218e-05;
25.629;
12.814;
4.1251;
3.1355e-08;
3.1351e-08;
2.3391e-13;
1.2022e-13;
25.629;
12.814;
3.1558;
3.8847e-09;
3.883e-09;
1.8245e-13;
8.2328e-14;
3.9018e-14;
3.833e-14;
1.4428e-14;
1.5;
0.75;
0.045423;
4.7726e-14;
2.8678e-14;
1.8345e-14;
9.2679e-15;
6.6317e-15;
25.629;
12.814;
7.2457;
0.73682;
0.7225;
0.086081;
0.086058;
4.2395e-05;
3.375;
1.6875;
1.3319;
2.2212e-13;
3.4825e-14;
1.7905e-14;
1.2367e-14;
9.4005e-15;
3.375;
1.6875;
1.2654;
0.0058055;
0.0036301;
1.6551e-05;
38.443;
19.222;
6.0356;
6.0356;
3.0304e-09;
5.2985e-11;
11.391;
5.6953;
4.9197;
0.2145;
0.14706;
0.14106;
0.14105;
6.1331e-05;
2.25;
1.125;
0.13809;
0.13778;
0.13754;
2.8137e-05;
25.629;
12.814;
12.193;
12.193;
1.0055e-13;
5.0307e-14;
1.6985e-14;
6.838e-15;
11.391;
5.6953;
3.3866;
0.18315;
0.17715;
0.0049833;
11.391;
5.6953;
4.6887;
4.6887;
4.6887;
2.3399e-13;
8.0181e-14;
3.0553e-14;
1.6294e-14;
9.6755e-15;
5.0625;
2.5312;
1.4579;
0.016436;
0.0164;
0.016312;
1.8873e-05;
25.629;
12.973;
0.66941;
0.51103;
0.33755;
0.33745;
3.3354e-05;
11.391;
5.6953;
0.18508;
0.18508;
0.18508;
2.3409e-13;
8.4503e-14;
4.8058e-14;
1.7545e-14;
38.443;
19.222;
10.537;
10.537;
10.537;
2.3391e-13;
25.629;
12.814;
11.35;
2.9211;
2.5291;
0.39818;
0.39515;
0.0040758;
0.0040746;
1.9354e-05;
11.391;
5.6953;
3.0315;
0.075914;
0.061303;
0.059799;
1.2177e-05;
17.086;
8.543;
2.9811;
2.9811;
2.9811;
2.34e-13;
8.2419e-14;
8.2153e-14;
3.6904e-14;
1.434e-14;
11.391;
5.6953;
4.207;
0.32715;
0.29135;
0.010988;
0.010964;
2.3015e-05;
7.5938;
3.7969;
2.373;
0.11176;
0.10832;
0.0014826;
0.00066017;
17.086;
8.543;
0.32629;
0.32629;
0.32629;
2.3395e-13;
25.629;
12.814;
12.139;
3.1564;
2.7724;
0.45002;
0.44223;
0.0077151;
1.5;
0.75;
0.1302;
6.7946e-14;
3.6676e-14;
1.6094e-14;
17.086;
8.543;
7.6955;
7.6955;
1.3825e-13;
1.3293e-13;
4.1027e-14;
2.0631e-14;
1.135e-14;
1.0332e-14;
1.0153e-14;
6.323e-15;
2.25;
1.125;
0.85223;
0.0032266;
0.0030302;
25.629;
12.814;
3.5177;
3.5177;
3.5177;
2.3391e-13;
25.629;
12.814;
4.7906;
4.7906;
4.7906;
6.6394e-13;
1.7712e-13;
1.2027e-13;
25.629;
12.814;
10.739;
10.739;
10.739;
2.3391e-13;
8.7742e-14;
8.6291e-14;
6.4362e-14;
2.1977e-14;
1.3474e-14;
9.9112e-15;
7.9519e-15;
1.5;
0.75;
0.57041;
0.0010928;
0.0010914;
5.0625;
2.5312;
2.2452;
0.023684;
0.019935;
0.019705;
11.391;
5.6953;
5.0806;
0.17482;
0.11203;
0.10803;
8.01e-06;
17.086;
8.543;
3.9982;
3.9982;
3.9982;
2.3411e-13;
1.2042e-13;
11.391;
5.6953;
4.9646;
0.20435;
0.13781;
0.13232;
0.13231;
1.5;
0.75;
0.59418;
0.0010968;
0.0010747;
4.5723e-05;
25.629;
12.814;
12.814;
1.682;
0.90705;
0.036912;
0.036082;
0.00012356;
1.5;
0.75;
0.58999;
0.0010978;
0.0010678;
17.086;
8.543;
5.4036;
5.4036;
5.4036;
2.1598e-13;
8.6361e-14;
4.1761e-14;
4.0599e-14;
1.8994e-14;
9.6792e-15;
8.2709e-15;
25.629;
12.814;
3.3035;
3.3035;
3.3035;
2.3392e-13;
17.086;
8.551;
8.543;
0.20951;
0.15363;
0.01717;
0.017159;
1.0735e-05;
25.629;
12.814;
7.0044;
7.0044;
7.0044;
2.6293e-13;
8.6991e-14;
3.0147e-14;
17.086;
8.543;
6.6673;
6.6673;
6.6673;
2.3391e-13;
1.2022e-13;
25.629;
12.814;
11.083;
11.083;
11.083;
3.3558e-13;
1.2773e-13;
3.5355e-14;
11.391;
5.6953;
3.5952;
0.23647;
0.22329;
0.0067042;
0.0066968;
5.0625;
2.5312;
0.55679;
0.55679;
0.55679;
2.3174e-13;
7.6715e-14;
3.9349e-14;
2.5039e-14;
2.3843e-14;
1.4264e-14;
11.391;
5.6953;
3.5944;
0.23628;
0.22314;
0.0066977;
0.0066962;
0.0066903;
1.5113e-05;
11.391;
5.6953;
3.3173;
0.14944;
0.12463;
0.12101;
3.8056e-06;
7.5938;
3.7969;
1.7376;
1.7376;
1.7376;
1.1132e-13;
4.9126e-14;
2.7219e-14;
1.7605e-14;
25.629;
12.814;
11.252;
2.9309;
2.5775;
0.40094;
0.3976;
0.0043138;
2.6358e-05;
3.375;
1.6875;
0.40308;
0.40308;
5.3579e-14;
3.8265e-14;
2.6678e-14;
1.6241e-14;
2.9737e-15;
1.2493e-15;
8.1205e-16;
38.443;
19.222;
6.3904;
6.3904;
6.3904;
2.3391e-13;
3.375;
1.6875;
0.16532;
0.16391;
0.16385;
9.8345e-05;
38.443;
19.222;
10.199;
10.199;
2.288e-10;
2.8296e-12;
17.086;
8.543;
1.4905;
1.4905;
1.4905;
2.3397e-13;
1.2028e-13;
3.375;
1.6875;
0.91859;
1.2701e-13;
3.8314e-14;
1.8448e-14;
1.1012e-14;
8.4212e-15;
5.0625;
2.5312;
2.0893;
2.0893;
6.0566e-14;
2.279e-14;
9.6255e-15;
8.1231e-15;
11.391;
5.6953;
0.28933;
0.047601;
0.016996;
1.9548e-05;
17.086;
8.543;
6.6653;
6.6653;
6.6653;
2.3391e-13;
6.3381e-14;
6.2629e-14;
3.1624e-14;
1.1931e-14;
17.086;
8.543;
5.8422;
0.84441;
0.81874;
0.051028;
0.050843;
0.00014062;
11.391;
5.6953;
3.9633;
0.30346;
0.27674;
0.0095036;
2.9235e-05;
11.391;
5.6953;
4.9033;
0.29317;
0.24005;
0.011576;
0.011553;
17.086;
8.543;
5.1796;
5.1796;
1.1561e-12;
9.1706e-14;
4.369e-14;
2.3918e-14;
1.4931e-14;
25.629;
12.814;
3.2366;
5.3425e-09;
5.3406e-09;
2.3447e-13;
8.2883e-14;
3.9574e-14;
3.9019e-14;
1.8098e-14;
1.0035e-14;
1.5;
11.391;
5.6953;
4.1338;
0.28006;
0.22581;
0.21692;
0.21691;
25.629;
12.814;
4.7804;
4.7804;
7.5718e-11;
11.391;
5.6953;
5.1326;
0.16;
0.099656;
0.096386;
0.09638;
17.086;
8.543;
0.76679;
0.34453;
0.16776;
0.16775;
3.0239e-05;
7.5938;
3.7969;
2.8773;
0.079406;
0.058885;
0.05776;
3.5011e-06;
25.629;
12.814;
12.629;
2.3934;
1.6388;
0.22222;
0.21995;
0.21832;
3.6859e-06;
5.0625;
2.5312;
0.61204;
0.61204;
0.61204;
7.9614e-14;
3.3238e-14;
2.5027e-14;
8.6539e-15;
17.086;
8.543;
4.3186;
4.2892;
0.02561;
0.02236;
0.0010283;
2.25;
1.125;
1.1224;
0.0014922;
3.1513e-05;
25.629;
12.814;
5.0418;
5.0418;
5.0418;
2.3392e-13;
3.375;
1.6875;
1.5268;
0.0072444;
0.0063429;
0.00631;
1.8663e-05;
11.391;
5.6953;
4.3165;
0.28303;
0.22277;
0.21358;
0.21358;
1.118e-06;
7.5938;
3.7969;
3.2371;
0.058013;
0.037942;
0.037277;
3.3083e-05;
81;
40.5;
20.783;
20.783;
20.783;
20.783;
3.7067e-12;
3.6377e-13;
1.391e-13;
6.3309e-14;
6.3174e-14;
3.052e-14;
1.7422e-14;
81;
40.5;
24.827;
24.827;
5.3679e-10;
81;
81;
81;
27;
13.582;
1.7411;
1.6594;
0.89636;
0.89595;
0.00046856;
0.0002295;
27;
13.65;
1.1674;
1.0176;
0.62757;
0.62729;
7.7624e-05;
27;
81;
27;
13.5;
2.1135;
1.6797;
0.68648;
0.68591;
0.00093373;
81;
40.5;
22.313;
22.313;
22.313;
22.313;
5.5033e-11;
1.5383e-13;
9;
4.5;
4.4491;
4.2514e-12;
3.4428e-14;
2.9338e-14;
2.6142e-14;
3;
1.5;
0.27283;
0.27283;
9.8535e-14;
4.3411e-14;
2.5214e-14;
9.7144e-15;
81;
81;
40.5;
40.204;
38.073;
38.018;
37.962;
37.959;
37.957;
37.957;
37.957;
37.957;
37.957;
37.957;
37.957;
37.957;
37.957;
37.957;
37.957;
37.957;
37.957;
2.4388e-13;
3.9359e-14;
2.3862e-14;
3;
81;
9;
4.5;
3.6888;
3.6888;
3.6888;
2.3393e-13;
8.2348e-14;
3.6214e-14;
2.9294e-14;
3;
1.5;
1.1974;
0.0069653;
0.0062675;
2.1051e-05;
27;
13.633;
1.3262;
1.1936;
0.70852;
0.70818;
0.00012637;
27;
13.5;
2.73;
1.0972e-08;
1.0971e-08;
81;
81;
40.5;
27.898;
27.897;
27.896;
27.896;
27.896;
27.896;
27.896;
7.2391e-14;
2.7148e-14;
1.8639e-14;
1.4972e-14;
81;
40.5;
18.712;
18.712;
18.712;
18.712;
1.3123e-13;
1.1016e-13;
7.0674e-14;
3.5487e-14;
1.8283e-14;
7.7479e-15;
7.6223e-15;
3.5206e-15;
27;
13.5;
11.733;
3.3092;
3.0316;
0.48505;
0.47949;
0.0072702;
0.007254;
0.0072464;
1.7852e-05;
3;
1.5;
0.51248;
0.51248;
0.51248;
2.5877e-13;
8.9699e-14;
4.8035e-14;
1.9738e-14;
7.0367e-15;
9;
4.5;
2.347;
0.023373;
0.014884;
0.01475;
27;
81;
40.5;
22.76;
22.76;
22.76;
22.76;
1.1588e-10;
1.8884e-13;
4.7483e-14;
4.6617e-14;
1.7457e-14;
9.6486e-15;
8.7451e-15;
27;
13.5;
8.5769;
1.5065;
1.4991;
0.19602;
0.19557;
0.00068656;
81;
40.5;
30.054;
30.048;
30.044;
30.044;
30.044;
30.044;
30.044;
30.044;
1.0119e-12;
1.6106e-13;
6.1916e-14;
2.6668e-14;
1.4758e-14;
1.0085e-14;
9;
4.5;
2.3676;
0.028052;
0.019075;
0.018861;
6.5271e-05;
3;
81;
40.5;
31.52;
31.505;
31.495;
31.495;
31.495;
31.495;
31.495;
31.495;
31.495;
31.495;
5.5929e-14;
3.6677e-14;
1.9488e-14;
9.5669e-15;
9;
4.5;
4.2214;
0.089944;
0.071628;
0.0026982;
81;
40.5;
17.31;
17.31;
1.0883e-07;
2.3242e-13;
7.8607e-14;
2.8979e-14;
27;
13.739;
0.23897;
0.15502;
0.022677;
0.022663;
27;
13.5;
0.69128;
0.40817;
0.065889;
0.065804;
0.065757;
6.0534e-05;
81;
40.5;
29.104;
29.104;
1.0509e-09;
2.194e-11;
27;
13.683;
0.82467;
0.64125;
0.43861;
0.43846;
0.43843;
5.3674e-06;
9;
4.5;
0.86406;
0.86406;
0.86406;
1.9926e-13;
7.46e-14;
4.4283e-14;
9;
4.5;
4.4912;
0.032477;
0.029787;
0.0015867;
3;
1.5;
0.87373;
0.0027971;
0.0017123;
8.5002e-05;
27;
81;
40.5;
29.911;
29.911;
5.4273e-10;
81;
40.5;
24.775;
24.775;
24.775;
24.775;
24.775;
24.775;
7.9952e-14;
4.2318e-14;
1.9083e-14;
1.1263e-14;
81;
9;
4.5;
3.4703;
0.1338;
0.10042;
0.097716;
3.8911e-06;
3;
81;
27;
27;
13.729;
0.28891;
0.22875;
0.049942;
0.049925;
0.049911;
27;
13.5;
8.9946;
8.9946;
8.9946;
1.9905e-13;
6.373e-14;
3.9369e-14;
3.5309e-14;
3.4443e-14;
1.4602e-14;
27;
13.5;
8.7676;
1.8896;
1.717;
0.042375;
0.040218;
0.039789;
1.0291e-05;
9;
4.5;
4.051;
0.11864;
0.095276;
0.0032982;
27;
13.5;
2.1533;
1.7137;
0.70775;
0.70713;
0.00094029;
81;
27;
13.5;
8.5107;
1.659;
1.5921;
0.14186;
0.14113;
0.00069048;
81;
40.5;
21.753;
21.753;
21.753;
21.753;
2.107e-11;
27;
13.5;
12.757;
5.5871;
0.23446;
0.050674;
0.025062;
0.00018501;
81;
40.5;
19.983;
19.983;
19.983;
19.983;
19.983;
2.6052e-13;
9.9898e-14;
4.9098e-14;
2.8241e-14;
4.1259e-15;
27;
13.5;
13.081;
3.4413;
2.9034;
0.51304;
0.50463;
0.0091092;
27;
13.5;
9.6841;
9.6841;
9.6841;
27;
13.5;
9.4012;
9.4012;
9.4012;
2.3387e-13;
2.3367e-13;
7.9519e-14;
2.7286e-14;
3;
1.5;
0.31207;
0.31207;
0.31207;
2.284e-13;
5.7874e-14;
5.7741e-14;
27;
27;
13.5;
10.247;
10.247;
10.247;
2.3467e-13;
27;
13.5;
10.804;
2.9865;
2.8895;
0.40859;
0.40392;
0.0059829;
2.4575e-05;
27;
13.5;
1.4707;
1.1159;
0.37428;
0.37425;
0.00064016;
27;
81;
40.5;
26.473;
26.472;
26.472;
26.472;
26.472;
26.472;
1.8147e-12;
1.8162e-13;
8.2509e-14;
5.7245e-14;
4.4613e-14;
4.3765e-14;
2.0539e-14;
9.7898e-15;
81;
40.5;
20.93;
20.93;
20.93;
20.93;
4.8572e-12;
2.3403e-13;
1.7718e-13;
3;
1.5;
0.73417;
0.73371;
0.00024079;
81;
81;
27;
13.5;
2.8587;
2.2946;
1.1258;
1.1254;
0.0013837;
1.679e-05;
3;
81;
40.5;
25.764;
25.764;
25.764;
2.3391e-13;
27;
81;
40.5;
25.092;
25.092;
25.092;
2.3391e-13;
81;
40.5;
15.719;
15.719;
1.8014e-10;
2.3391e-13;
3;
1.5;
0.005702;
0.005702;
2.3472e-13;
7.9352e-14;
3.4499e-14;
1.8177e-14;
1.1703e-14;
27;
13.5;
3.8475;
3.8475;
3.8475;
2.3391e-13;
27;
13.5;
7.0039;
6.7842;
0.11242;
0.061597;
0.0013321;
0.00022056;
27;
13.5;
3.0748;
3.0748;
3.0748;
2.3391e-13;
9;
4.5;
4.3878;
0.056145;
0.046216;
0.0020125;
0.00037889;
81;
40.5;
30.475;
30.468;
30.462;
30.462;
30.462;
30.462;
30.462;
30.462;
30.462;
30.462;
30.462;
3.3097e-13;
1.0789e-13;
4.7322e-14;
4.2668e-14;
2.9347e-14;
1.5993e-14;
1.0011e-14;
7.7786e-15;
2.5671e-15;
2.067e-15;
81;
40.5;
31.371;
31.357;
31.348;
31.348;
31.348;
31.348;
31.348;
31.348;
31.348;
31.348;
4.926e-14;
3.3534e-14;
2.6038e-14;
1.813e-14;
81;
27;
13.5;
12.88;
2.4806;
1.3472;
1.2869;
0.0015235;
0.0012764;
3;
1.5;
0.1984;
0.1984;
0.1984;
2.6348e-14;
1.8706e-14;
1.6961e-14;
27;
13.5;
9.9703;
2.5064;
2.476;
0.3302;
0.32758;
0.0035891;
81;
40.5;
40.014;
38.481;
38.426;
38.379;
38.375;
38.374;
38.374;
38.374;
38.374;
38.374;
38.374;
38.374;
38.374;
38.374;
38.374;
38.374;
38.374;
38.374;
38.374;
38.374;
1.0368e-13;
4.535e-14;
2.1416e-14;
3;
1.5;
0.34065;
1.2803e-13;
5.2842e-14;
3.3241e-14;
3.2865e-14;
2.333e-14;
1.0571e-14;
9.137e-15;
27;
13.5;
12.576;
3.0516;
2.2839;
0.36497;
0.36434;
0.0029587;
27;
9;
4.5;
3.0575;
3.0575;
2.1819e-13;
6.2895e-14;
1.5349e-14;
7.9056e-15;
3.1686e-15;
81;
27;
13.5;
12.034;
12.034;
12.034;
1.711e-13;
4.4433e-14;
4.3891e-14;
2.4041e-14;
9.7846e-15;
3;
1.5;
1.0108;
0.0064382;
0.0061376;
0.0061338;
0.0061289;
20.25;
91.125;
45.562;
37.249;
37.249;
6.2039e-11;
20.25;
10.125;
8.7122;
1.5268;
1.227;
0.14022;
0.13996;
0.00032552;
4.5;
2.25;
1.2018;
1.1961;
0.00084765;
5.2883e-05;
5.1026e-05;
91.125;
45.562;
34.663;
34.589;
34.534;
34.533;
34.533;
34.533;
34.533;
34.533;
34.533;
34.533;
34.533;
34.533;
34.533;
34.533;
4.5;
2.25;
1.6066;
0.021838;
0.019752;
0.019633;
91.125;
45.562;
31.379;
31.379;
5.3822e-09;
91.125;
45.562;
36.537;
36.537;
36.537;
2.3392e-13;
91.125;
45.562;
34.694;
31.293;
31.283;
31.28;
31.28;
31.28;
31.28;
31.28;
31.28;
31.28;
5.8191e-14;
2.5988e-14;
1.5241e-14;
1.033e-14;
8.4736e-15;
91.125;
45.562;
16.998;
16.998;
6.1657e-08;
2.7876e-13;
9.6955e-14;
9.6161e-14;
4.1993e-14;
1.7844e-14;
9.5844e-15;
91.125;
410.06;
205.03;
171.15;
145.41;
17.612;
2.7467;
2.7467;
2.7467;
2.3391e-13;
91.125;
45.562;
26.027;
26.027;
26.027;
26.027;
26.027;
26.027;
8.5377e-13;
1.7732e-13;
6.3638e-14;
91.125;
45.562;
33.999;
33.999;
33.999;
2.3391e-13;
91.125;
45.562;
33.704;
31.82;
31.806;
31.803;
31.803;
31.803;
31.803;
31.803;
31.803;
31.803;
31.803;
6.0379e-14;
1.9375e-14;
1.1538e-14;
91.125;
45.562;
32.225;
32.225;
32.225;
2.3391e-13;
91.125;
45.562;
34.953;
34.953;
34.953;
2.3391e-13;
20.25;
10.125;
7.7384;
1.6055;
1.5595;
0.13451;
0.13333;
0.13228;
1.7103e-05;
91.125;
45.563;
35.081;
35.081;
35.081;
2.3391e-13;
91.125;
45.562;
44.185;
40.896;
40.694;
40.514;
40.492;
40.481;
40.479;
40.478;
40.478;
40.478;
40.478;
40.478;
40.478;
40.478;
40.478;
40.478;
40.478;
40.478;
40.478;
40.478;
40.478;
40.478;
40.478;
40.478;
1.7437e-13;
1.4119e-13;
2.1474e-14;
91.125;
45.562;
12.367;
0.38132;
0.035892;
0.035892;
0.035892;
2.1755e-13;
7.3481e-14;
3.1862e-14;
2.0903e-14;
1.3892e-14;
91.125;
45.562;
19.984;
19.984;
19.984;
19.984;
7.479e-13;
1.5249e-13;
8.2116e-14;
4.4221e-14;
4.3736e-14;
2.4177e-14;
9.7608e-15;
7.9092e-15;
4.5;
2.25;
1.1293;
1.1289;
0.0014272;
5.5544e-05;
91.125;
91.125;
45.562;
31.211;
31.211;
31.211;
2.3391e-13;
91.125;
45.562;
34.906;
34.906;
5.2252e-10;
1.4318e-11;
4.5;
2.25;
1.557;
0.051648;
0.047664;
0.047259;
20.25;
10.125;
1.4153;
1.4153;
1.4153;
2.3392e-13;
91.125;
45.562;
17.213;
17.213;
8.7105e-08;
2.3287e-13;
7.8582e-14;
2.0656e-14;
1.913e-14;
20.25;
10.125;
6.4551;
0.91421;
0.85341;
0.072601;
0.07252;
7.467e-05;
91.125;
45.562;
17.827;
17.827;
17.827;
1.1204e-13;
4.2747e-14;
2.1889e-14;
8.0328e-15;
91.125;
45.562;
36.951;
36.729;
36.615;
36.609;
36.607;
36.607;
36.607;
36.607;
36.607;
36.607;
36.607;
36.607;
36.607;
36.607;
36.607;
36.607;
6.5346e-14;
6.0683e-14;
4.1739e-14;
3.2262e-14;
20.25;
10.125;
1.2965;
1.2965;
1.2965;
2.3393e-13;
91.125;
45.562;
37.897;
37.574;
37.43;
37.42;
37.416;
37.416;
37.416;
37.416;
37.416;
37.416;
37.416;
37.416;
37.416;
37.416;
37.416;
37.416;
37.416;
37.416;
37.416;
1.0561e-13;
3.5612e-14;
1.1883e-14;
91.125;
45.562;
34.974;
31.194;
31.185;
31.181;
31.181;
31.181;
31.181;
31.181;
31.181;
31.181;
31.181;
4.7983e-13;
1.6718e-13;
7.5159e-14;
3.679e-14;
2.1933e-14;
1.5932e-14;
1.4905e-14;
1.1149e-14;
9.684e-15;
6.9471e-15;
20.25;
10.125;
4.0426;
4.0426;
4.0426;
2.3393e-13;
4.4456e-14;
4.4096e-14;
1.6858e-14;
20.25;
10.125;
6.178;
0.87761;
0.8637;
0.069955;
0.069889;
7.6086e-05;
20.25;
10.125;
8.1617;
1.7277;
1.6393;
0.154;
0.15239;
0.1511;
91.125;
45.562;
37.827;
37.739;
37.67;
37.666;
37.664;
37.664;
37.664;
37.664;
37.664;
37.664;
37.664;
37.664;
37.664;
37.664;
37.664;
37.664;
37.664;
37.664;
4.5557e-14;
2.4463e-14;
1.279e-14;
8.9156e-15;
91.125;
45.563;
35.293;
35.293;
35.293;
2.3391e-13;
91.125;
45.562;
32.619;
32.596;
32.573;
32.573;
32.573;
32.573;
32.573;
32.573;
32.573;
32.573;
32.573;
2.1486e-13;
7.8566e-14;
3.9164e-14;
2.1792e-14;
1.327e-14;
1.2147e-14;
7.2646e-15;
20.25;
10.125;
9.7527;
1.1622;
0.83128;
0.09479;
0.094271;
0.00023227;
91.125;
45.562;
10.862;
0.90302;
0.077207;
1.2944e-13;
9.9178e-15;
4.9071e-15;
20.25;
10.125;
5.9223;
5.9223;
5.9223;
2.6186e-13;
8.7627e-14;
5.1897e-14;
1.9797e-14;
1.8545e-14;
9.628e-15;
91.125;
91.125;
91.125;
91.125;
45.562;
45.431;
41.372;
41.177;
40.94;
40.913;
40.897;
40.894;
40.893;
40.893;
40.893;
40.893;
40.893;
40.893;
40.893;
40.893;
40.893;
40.893;
40.893;
40.893;
40.893;
40.893;
40.893;
40.893;
40.893;
40.893;
40.893;
5.2899e-14;
4.9166e-14;
2.9351e-14;
410.06;
205.03;
131.55;
130.21;
127.85;
127.85;
1.0754e-12;
20.25;
10.125;
9.4275;
1.505;
1.2008;
0.14639;
0.14526;
0.14461;
1.0046e-05;
91.125;
45.562;
35.863;
35.727;
35.643;
35.641;
35.64;
35.64;
35.64;
35.64;
35.64;
35.64;
35.64;
35.64;
35.64;
35.64;
35.64;
1.6091e-13;
5.5509e-14;
4.8589e-14;
3.1211e-14;
2.114e-14;
1.3626e-14;
91.125;
45.562;
32.142;
32.142;
32.142;
2.3391e-13;
20.25;
10.125;
6.4762;
0.9986;
0.97519;
0.052403;
0.052145;
0.00019839;
20.25;
10.125;
1.1825;
1.1825;
1.1825;
2.3393e-13;
91.125;
45.562;
31.665;
31.653;
31.638;
31.638;
31.638;
31.638;
31.638;
31.638;
31.638;
31.638;
8.133e-14;
3.1476e-14;
1.5572e-14;
5.5457e-15;
91.125;
91.125;
45.562;
26.767;
26.767;
26.766;
26.766;
26.766;
26.766;
4.0541e-12;
1.2851e-13;
7.1046e-14;
7.0227e-14;
2.9452e-14;
1.1951e-14;
20.25;
10.125;
9.3084;
9.3084;
9.3084;
7.6498e-14;
2.528e-14;
2.2794e-14;
1.7364e-14;
91.125;
45.562;
38.846;
38.46;
38.285;
38.268;
38.262;
38.262;
38.261;
38.261;
38.261;
38.261;
38.261;
38.261;
38.261;
38.261;
38.261;
38.261;
38.261;
38.261;
38.261;
38.261;
38.261;
38.261;
4.748e-14;
2.0156e-14;
1.2993e-14;
8.3287e-15;
7.0613e-15;
20.25;
10.125;
8.4052;
1.767;
1.6474;
0.16387;
0.16207;
0.16072;
91.125;
91.125;
45.562;
19.843;
19.843;
19.843;
19.843;
5.6168e-13;
1.2692e-13;
6.3762e-14;
6.2657e-14;
4.2174e-14;
1.6336e-14;
7.6851e-15;
7.0714e-15;
5.7418e-15;
91.125;
4.5;
2.25;
1.7063;
0.06803;
0.065895;
0.0004488;
91.125;
45.562;
34.15;
34.15;
9.7138e-10;
20.25;
10.125;
9.2611;
1.6157;
1.3427;
0.1618;
0.16038;
0.15951;
1.2304e-05;
410.06;
205.03;
127.97;
127.66;
126.99;
126.99;
1.2462e-13;
5.2648e-14;
2.1518e-14;
1.2024e-14;
8.9443e-15;
20.25;
10.125;
10.116;
0.50297;
0.32376;
0.031679;
0.031607;
0.031588;
1.7428e-06;
4.5;
2.25;
0.52621;
0.52621;
0.52621;
5.1516e-14;
2.6444e-14;
6.7604e-15;
5.658e-15;
3.1104e-15;
91.125;
91.125;
45.562;
20.453;
20.453;
20.453;
20.453;
1.9096e-12;
1.3683e-13;
9.2171e-14;
6.3749e-14;
91.125;
91.125;
4.5;
91.125;
45.562;
31.494;
31.483;
31.47;
31.469;
31.469;
31.469;
31.469;
31.469;
31.469;
31.469;
31.469;
5.0681e-13;
1.5064e-13;
6.4687e-14;
3.5333e-14;
1.5964e-14;
1.4141e-14;
1.2074e-14;
1.0352e-14;
91.125;
45.562;
39.588;
39.014;
38.821;
38.795;
38.787;
38.786;
38.785;
38.785;
38.785;
38.785;
38.785;
38.785;
38.785;
38.785;
38.785;
38.785;
38.785;
38.785;
38.785;
38.785;
8.7723e-14;
3.5614e-14;
3.1612e-14;
2.5703e-14;
2.3471e-14;
91.125;
45.562;
30.68;
30.674;
30.665;
30.665;
30.665;
30.665;
30.665;
30.665;
30.665;
8.1628e-14;
3.6254e-14;
1.8685e-14;
8.2928e-15;
5.4415e-15;
20.25;
4.5;
2.25;
0.46464;
0.46464;
0.46464;
2.3473e-13;
1.021e-13;
7.232e-14;
7.1774e-14;
2.5758e-14;
1.2098e-14;
91.125;
45.562;
22.616;
22.616;
22.616;
22.616;
1.0309e-10;
1.5526e-13;
5.1699e-14;
5.1074e-14;
2.3789e-14;
1.3577e-14;
20.25;
10.125;
5.7736;
0.49337;
0.44898;
0.03548;
91.125;
45.562;
37.797;
37.486;
37.345;
37.336;
37.332;
37.332;
37.332;
37.332;
37.332;
37.332;
37.332;
37.332;
37.332;
37.332;
37.332;
37.332;
37.332;
9.3208e-14;
3.6519e-14;
3.3237e-14;
1.4802e-14;
7.4058e-15;
6.3647e-15;
91.125;
45.562;
33.102;
33.09;
33.072;
33.072;
33.072;
33.072;
33.072;
33.072;
33.072;
33.072;
33.072;
3.7145e-14;
2.5606e-14;
2.3064e-14;
1.2974e-14;
91.125;
4.5;
2.25;
1.9144;
0.11961;
0.11542;
0.11404;
1.1615e-06;
91.125;
45.562;
31.939;
31.925;
31.908;
31.908;
31.908;
31.908;
31.908;
31.908;
31.908;
31.908;
1.6719e-13;
3.5182e-14;
91.125;
45.562;
37.409;
30.658;
30.653;
30.648;
30.648;
30.648;
30.648;
30.648;
30.648;
3.039e-12;
3.2626e-14;
1.595e-14;
7.5945e-15;
2.5808e-15;
91.125;
4.5;
91.125;
91.125;
45.562;
35.138;
35.138;
35.138;
2.3391e-13;
4.5;
2.25;
1.1789;
1.175;
0.0010288;
2.477e-05;
91.125;
45.562;
37.351;
37.09;
36.963;
36.956;
36.953;
36.953;
36.953;
36.953;
36.953;
36.953;
36.953;
36.953;
36.953;
36.953;
36.953;
36.953;
36.953;
5.2574e-14;
2.7872e-14;
2.5497e-14;
1.1645e-14;
91.125;
91.125;
45.562;
12.388;
0.33995;
0.035006;
3.7763e-14;
1.6723e-14;
1.135e-14;
410.06;
205.03;
157.92;
142.14;
12.008;
0.0052271;
0.0052271;
0.0052271;
1.1602e-13;
1.1584e-13;
5.0262e-14;
2.2778e-14;
91.125;
45.562;
33.085;
32.943;
32.916;
32.916;
32.915;
32.915;
32.915;
32.915;
32.915;
32.915;
32.915;
9.0675e-14;
3.3331e-14;
1.9287e-14;
1.229e-14;
91.125;
45.562;
31.516;
31.516;
31.516;
2.3391e-13;
410.06;
205.03;
131.62;
130.26;
127.86;
127.86;
127.86;
3.0759e-13;
1.0656e-13;
3.5505e-14;
3.4978e-14;
1.0476e-14;
20.25;
10.125;
9.0012;
9.0012;
9.0012;
2.2807e-13;
7.9105e-14;
2.7989e-14;
1.3429e-14;
200;
100;
100;
100;
2.3348e-13;
6.2949e-14;
6.1789e-14;
2.3381e-14;
1.8321e-14;
9.586e-15;
0.0099;
0.0055709;
0.00495;
0.0039015;
0.0033453;
0.0027745;
0.0023746;
0.002021;
0.0017445;
0.00151;
0.0013182;
0.0011565;
0.00013774;
0.00013511;
5.6499e-05;
1.773e-05;
1.4116e-05;
6.8295e-06;
9.3455e-07;
3.0749e-07;
2.604e-07;
8.684e-08;
7.6942e-08;
2.234e-08;
2.2319e-08;
8.4165e-09;
7.9155e-09;
2.2763e-09;
1.6942e-09;
5.6528e-10;
4.37e-10;
1.0282e-10;
