0.0099;
0.0055709;
0.00495;
0.0039015;
0.0033453;
0.0027745;
0.0023746;
0.002021;
0.0017445;
0.00151;
0.0013182;
0.0011565;
0.00013774;
0.00013511;
5.6499e-05;
1.773e-05;
1.4116e-05;
6.8295e-06;
9.3455e-07;
3.0749e-07;
2.604e-07;
8.684e-08;
7.6942e-08;
2.234e-08;
2.2319e-08;
8.4165e-09;
7.9155e-09;
2.2763e-09;
1.6942e-09;
5.6528e-10;
4.37e-10;
1.0282e-10;
11.391;
5.6953;
5.3221;
0.19474;
0.15131;
0.008249;
1.7142e-05;
11.391;
5.6953;
4.5954;
4.5954;
1.7149e-13;
5.335e-14;
11.391;
5.6953;
1.5932;
1.5932;
1.5932;
2.3406e-13;
2.3388e-13;
8.0406e-14;
3.6603e-14;
2.1925e-14;
1.0008e-14;
7.0508e-15;
11.391;
5.6953;
3.1567;
0.13116;
0.11416;
0.11094;
3.7052e-06;
7.5938;
3.7969;
3.3305;
3.3305;
3.3305;
3.3305;
2.3401e-13;
7.7014e-14;
3.4365e-14;
1.2321e-14;
7.7803e-15;
38.443;
19.222;
10.607;
10.607;
1.5782e-10;
6.7559e-13;
11.391;
5.6953;
3.558;
0.20635;
0.17318;
0.16757;
0.16757;
0.16757;
2.0784e-06;
5.0625;
2.5312;
2.1677;
0.014143;
0.0081296;
4.0588e-05;
17.086;
8.543;
7.4994;
0.81824;
0.58986;
0.54007;
5.4821e-05;
25.629;
12.814;
12.14;
3.156;
2.7717;
0.44995;
0.44217;
0.00771;
0.007708;
1.4833e-05;
3.375;
1.6875;
1.3983;
0.0041308;
0.0020904;
25.629;
12.814;
10.663;
10.663;
10.663;
2.5772e-13;
9.0167e-14;
2.8156e-14;
2.7207e-14;
1.2083e-14;
9.0984e-15;
2.25;
1.125;
0.86686;
0.0032277;
0.0030156;
3.0216e-05;
11.391;
5.6953;
5.1467;
0.15582;
0.09622;
0.093153;
6.8336e-06;
17.086;
8.543;
5.7872;
0.82245;
0.79973;
0.049392;
0.049224;
0.049093;
7.5938;
3.7969;
1.7832;
1.7832;
1.7832;
5.6498e-14;
3.1302e-14;
2.037e-14;
1.4441e-14;
7.8228e-15;
11.391;
5.6953;
4.6818;
0.25641;
0.18832;
0.18022;
0.18021;
11.391;
5.6953;
2.8224;
0.016792;
0.01141;
0.00014167;
25.629;
12.814;
10.792;
10.792;
10.792;
2.341e-13;
25.629;
12.814;
3.5185;
1.1525e-08;
1.1523e-08;
2.3391e-13;
2.3376e-13;
7.9608e-14;
3.3946e-14;
1.8353e-14;
9.9949e-15;
38.443;
19.222;
7.5831;
7.5831;
7.5831;
2.3391e-13;
7.5938;
3.7969;
1.679;
1.679;
1.679;
5.6253e-14;
2.4572e-14;
1.7455e-14;
38.443;
19.222;
8.3953;
8.3953;
8.3953;
2.3391e-13;
7.5938;
3.7969;
3.5291;
0.058408;
0.04732;
0.0012989;
1.5;
0.75;
0.71372;
0.0083065;
0.0082005;
0.0081811;
5.8475e-05;
11.391;
5.6953;
0.39895;
0.07849;
0.037417;
2.7027e-05;
5.0625;
2.5312;
1.7355;
0.022179;
0.016251;
0.00012394;
7.5938;
3.7969;
0.33203;
0.028197;
0.014294;
0.00081581;
2.978e-05;
17.086;
8.543;
7.9671;
7.9671;
7.9671;
2.3458e-13;
8.2996e-14;
8.2332e-14;
3.329e-14;
2.2781e-14;
17.086;
8.543;
5.9787;
0.89573;
0.86229;
0.055065;
0.054835;
0.05467;
25.629;
12.814;
11.964;
3.2514;
2.9616;
0.46063;
0.45157;
0.0090949;
1.8335e-05;
7.5938;
3.7969;
1.0951;
1.0951;
1.0951;
2.3423e-13;
7.9942e-14;
2.8862e-14;
1.8825e-14;
1.2874e-14;
5.0625;
2.5312;
1.5742;
0.018558;
0.013803;
9.1296e-05;
38.443;
19.222;
6.7535;
6.7535;
6.7535;
2.3391e-13;
25.629;
12.814;
4.094;
3.0111e-08;
3.0107e-08;
1.5;
0.75;
0.22875;
0.00035504;
0.00026434;
0.00013162;
38.443;
19.222;
8.7841;
8.7841;
8.7841;
2.3391e-13;
7.5938;
3.7969;
2.0773;
2.0434;
0.00093523;
0.00042118;
2.3497e-05;
11.391;
5.6953;
3.635;
0.22148;
0.18553;
0.17934;
0.17934;
6.0954e-06;
1.5;
17.086;
8.543;
7.9301;
0.53501;
0.31445;
0.29913;
0.29907;
0.29906;
4.243e-06;
11.391;
5.6953;
0.71932;
0.71932;
0.71932;
9.687e-14;
5.0625;
2.5312;
1.7858;
0.030267;
0.027324;
0.00020664;
17.086;
8.543;
4.2993;
4.2993;
4.2993;
4.2993;
4.2993;
2.3424e-13;
6.3707e-14;
6.3052e-14;
3.0924e-14;
1.7578e-14;
9.8763e-15;
7.3948e-15;
25.629;
12.814;
3.4026;
3.4026;
3.4026;
2.3392e-13;
25.629;
12.814;
11.187;
2.9327;
2.6024;
0.40121;
0.3977;
0.0044351;
0.0044275;
1.6319e-05;
25.629;
12.814;
0.32782;
0.32782;
0.32782;
2.3391e-13;
3.375;
1.6875;
1.0534;
0.0052634;
0.00355;
11.391;
5.6953;
4.4039;
4.4039;
4.4039;
2.9404e-14;
2.3219e-14;
9.9869e-15;
25.629;
12.814;
11.354;
3.2951;
3.2061;
0.42097;
0.41136;
0.010372;
3.375;
1.6875;
1.3514;
0.009616;
0.008556;
3.8745e-05;
5.0625;
2.5312;
1.3517;
1.3435;
0.0010143;
0.0009732;
1.5;
0.75;
0.50809;
6.9917e-14;
3.4849e-14;
1.5604e-14;
1.2809e-14;
3.375;
1.6875;
1.38;
0.009388;
0.008308;
3.6457e-05;
25.629;
12.814;
2.9795;
1.1394e-09;
1.1379e-09;
2.0329e-13;
7.6497e-14;
3.9018e-14;
3.8175e-14;
1.461e-14;
38.443;
19.222;
10.198;
10.198;
10.198;
1.2816e-12;
3.8554e-13;
6.3426e-14;
6.3381e-14;
2.9739e-14;
1.7364e-14;
17.086;
8.543;
7.4374;
7.4374;
2.0008e-13;
3.3588e-14;
3.1359e-14;
25.629;
12.814;
10.656;
10.656;
10.656;
2.545e-13;
9.2917e-14;
4.2632e-14;
4.1517e-14;
1.8098e-14;
1.0035e-14;
25.629;
12.814;
11.081;
2.9287;
2.6326;
0.39958;
0.39586;
0.0045768;
3.2412e-05;
25.629;
12.814;
12.126;
3.1657;
2.7897;
0.45157;
0.44367;
0.007841;
25.629;
12.814;
3.49;
3.49;
3.49;
2.3391e-13;
25.629;
12.814;
3.6219;
3.6219;
1.5394e-10;
11.391;
5.6953;
5.0165;
0.19172;
0.1266;
0.12175;
8.8998e-06;
7.5938;
3.7969;
2.2867;
0.096609;
0.086509;
0.085109;
17.086;
8.543;
6.0264;
6.0264;
6.0264;
2.341e-13;
2.3391e-13;
7.8538e-14;
3.0292e-14;
1.7364e-14;
1.0034e-14;
7.0508e-15;
5.0625;
2.5312;
1.8146;
0.030685;
0.027542;
0.00021433;
25.629;
12.814;
12.638;
12.638;
12.638;
1.6322e-14;
1.2201e-14;
25.629;
12.814;
3.8339;
3.8339;
3.8339;
2.3392e-13;
17.086;
8.543;
1.2857;
1.2857;
1.5373e-11;
5.7456e-13;
5.0625;
2.5312;
1.5068;
1.5068;
9.8924e-14;
1.9506e-14;
1.5194e-14;
25.629;
12.814;
7.0586;
7.0586;
7.0586;
2.3386e-13;
8.2279e-14;
8.2001e-14;
3.4194e-14;
1.4478e-14;
11.391;
5.6953;
4.2301;
0.28293;
0.22541;
0.2163;
0.2163;
1.1436e-06;
7.5938;
3.7969;
2.8096;
0.10073;
0.088389;
0.0016176;
0.0001796;
5.0625;
2.5312;
2.527;
0.0082132;
0.0079753;
0.00014388;
11.391;
5.6953;
4.5731;
4.5731;
4.5731;
2.339e-13;
7.8868e-14;
4.4417e-14;
2.4012e-14;
2.286e-14;
9.6595e-15;
25.629;
12.814;
12.355;
2.9431;
2.4096;
0.39899;
0.3935;
0.0052605;
7.5937;
3.7969;
3.7681;
0.024544;
0.022175;
0.021349;
5.0625;
2.5312;
2.4645;
5.906e-13;
5.9479e-14;
2.1026e-14;
25.629;
12.814;
3.9395;
2.4297e-08;
2.4293e-08;
38.443;
19.222;
8.4258;
8.4258;
8.4258;
2.3391e-13;
25.629;
12.814;
5.9725;
5.9725;
5.9725;
3.2823e-13;
8.6141e-14;
6.3404e-14;
6.3037e-14;
3.0908e-14;
1.7854e-14;
11.391;
5.6953;
0.72487;
0.72487;
0.72487;
2.3388e-13;
1.2019e-13;
38.443;
19.222;
8.1888;
8.1888;
1.0002e-09;
2.0933e-11;
11.391;
5.6953;
4.978;
0.28;
0.2269;
0.011187;
0.011166;
11.391;
5.6953;
4.1036;
4.1036;
4.1036;
2.3395e-13;
7.7243e-14;
3.7299e-14;
1.2889e-14;
8.8789e-15;
3.375;
1.6875;
0.12416;
0.1238;
0.12298;
7.5938;
3.7969;
2.6328;
0.095207;
0.085622;
0.0014054;
17.086;
8.543;
6.7452;
1.083;
0.99237;
0.075498;
0.075009;
0.074732;
4.2076e-05;
11.391;
5.6953;
5.6652;
0.070375;
0.059769;
0.0043984;
7.5937;
3.7969;
2.8048;
0.10066;
0.088393;
0.001613;
0.00025608;
1.5;
7.5938;
3.7969;
2.2257;
0.05684;
0.054902;
0.00070129;
17.086;
8.543;
1.9186;
1.9186;
1.9186;
2.3395e-13;
7.5938;
3.7969;
2.7603;
2.7603;
2.7603;
2.3402e-13;
7.7028e-14;
2.8305e-14;
2.1809e-14;
1.955e-14;
9.5598e-15;
17.086;
8.543;
8.0474;
8.0474;
7.9532e-14;
7.0695e-14;
5.5578e-14;
5.4495e-14;
7.5791e-15;
5.0527e-15;
25.629;
12.814;
0.61158;
0.34012;
0.057802;
0.057745;
0.057714;
2.8183e-06;
38.443;
19.222;
6.9929;
6.9929;
1.9824e-09;
17.086;
8.543;
1.9934;
1.9934;
1.9934;
2.34e-13;
1.2032e-13;
25.629;
12.814;
10.623;
2.8355;
2.6488;
0.37507;
0.37121;
0.0045487;
0.0045415;
7.774e-06;
7.5938;
3.7969;
2.8024;
0.080585;
0.060733;
0.059594;
81;
40.5;
24.979;
24.979;
24.979;
24.979;
24.979;
24.979;
24.979;
4.5335e-14;
1.9324e-14;
3;
81;
3;
81;
27;
13.5;
0.91181;
0.91181;
0.91181;
2.3391e-13;
81;
40.5;
25.481;
25.481;
25.481;
25.481;
25.481;
25.481;
25.481;
1.8273e-13;
7.0447e-14;
3.5997e-14;
2.7138e-14;
7.2878e-15;
6.0246e-15;
27;
13.5;
9.908;
2.466;
2.4388;
0.32438;
0.3219;
0.0034164;
6.8952e-05;
27;
13.5;
12.619;
3.0016;
2.1897;
0.33862;
0.33838;
0.002561;
7.1092e-05;
81;
40.5;
27.18;
27.18;
3.9842e-09;
27;
13.5;
8.9382;
8.9382;
3.3652e-12;
3;
27;
13.5;
8.4892;
8.4892;
8.4892;
1.0825e-13;
6.3701e-14;
81;
40.5;
34.258;
34.182;
34.153;
34.152;
34.152;
34.152;
34.152;
34.152;
34.152;
34.152;
34.152;
34.152;
1.9341e-13;
4.7753e-14;
1.7605e-14;
1.7282e-14;
8.4212e-15;
27;
13.5;
12.651;
2.9576;
2.1095;
0.3152;
0.31515;
0.0022023;
27;
13.5;
2.4264;
1.9443;
0.86037;
0.85955;
0.0009775;
0.00017258;
81;
81;
40.5;
34.338;
34.259;
34.228;
34.228;
34.228;
34.228;
34.228;
34.228;
34.228;
34.228;
34.228;
34.228;
34.228;
5.3909e-13;
1.7863e-13;
7.3117e-14;
3.1288e-14;
2.1629e-14;
1.1135e-14;
9.9879e-15;
2.9918e-15;
81;
27;
13.5;
5.1389;
5.1389;
5.1389;
2.3391e-13;
27;
13.5;
7.2822;
7.2822;
7.2822;
6.7389e-14;
6.711e-14;
2.9323e-14;
1.7162e-14;
1.0084e-14;
27;
13.5;
6.6373;
6.6373;
6.6373;
2.3428e-13;
8.2693e-14;
8.233e-14;
3.9491e-14;
1.81e-14;
1.5114e-14;
27;
13.5;
4.7161;
4.7161;
1.35e-10;
81;
40.5;
21.48;
21.48;
21.48;
21.48;
1.3051e-11;
9;
4.5;
2.4051;
2.3636;
0.0026273;
0.0019012;
0.0018882;
81;
40.5;
17.174;
17.174;
8.8284e-08;
2.3292e-13;
7.7889e-14;
2.449e-14;
2.0701e-14;
81;
40.5;
16.276;
16.276;
1.5326e-08;
9;
4.5;
2.5623;
2.5623;
2.5623;
5.8601e-14;
3.0015e-14;
9.2735e-15;
81;
40.5;
28.688;
28.688;
1.4506e-09;
81;
40.5;
40.333;
39.146;
39.098;
39.052;
39.048;
39.046;
39.046;
39.046;
39.046;
39.046;
39.046;
39.046;
39.046;
39.046;
39.046;
39.046;
39.046;
39.046;
39.046;
39.046;
39.046;
9.1226e-14;
5.3273e-14;
3.0344e-14;
2.4318e-14;
1.226e-14;
81;
81;
40.5;
40.015;
38.479;
38.424;
38.377;
38.373;
38.372;
38.372;
38.372;
38.372;
38.372;
38.372;
38.372;
38.372;
38.372;
38.372;
38.372;
38.372;
38.372;
38.372;
1.3889e-13;
1.8828e-14;
9;
4.5;
1.6594;
1.6594;
1.6594;
2.3519e-13;
6.9831e-14;
81;
40.5;
31.519;
31.504;
31.494;
31.494;
31.494;
31.494;
31.494;
31.494;
31.494;
31.494;
31.494;
1.4863e-13;
4.6589e-14;
2.5918e-14;
1.9989e-14;
1.1622e-14;
7.8744e-15;
3.2482e-15;
2.3201e-15;
1.8046e-15;
9;
4.5;
2.242;
2.242;
6.4701e-13;
4.1389e-13;
9;
4.5;
2.6205;
0.11644;
0.10349;
0.10137;
9;
4.5;
2.7978;
0.10412;
0.084504;
0.082744;
27;
13.5;
12.557;
5.4157;
5.2227;
0.055932;
0.030767;
0.030274;
1.6165e-05;
9;
4.5;
3.1185;
3.1185;
3.1185;
2.1687e-13;
6.7271e-14;
2.4128e-14;
1.8605e-14;
1.6757e-14;
9.5266e-15;
9;
4.5;
2.5684;
0.076896;
0.0755;
0.0013091;
9.3967e-05;
27;
13.5;
2.6294;
2.6294;
4.0466e-10;
27;
13.5;
7.1128;
7.1128;
7.1128;
3.3127e-13;
9.2064e-14;
9.1813e-14;
3.7274e-14;
1.4389e-14;
27;
13.5;
1.7766;
1.387;
0.51566;
0.51541;
0.00082393;
9;
4.5;
3.5765;
0.12821;
0.093931;
0.091368;
4.5807e-06;
81;
40.5;
25.984;
25.984;
25.984;
2.3391e-13;
27;
13.5;
2.1291;
1.693;
0.69476;
0.69417;
0.00093642;
9;
4.5;
4.0294;
4.0294;
4.0294;
5.118e-14;
3.1683e-14;
2.266e-14;
9.1355e-15;
27;
13.5;
8.8254;
8.8254;
8.8254;
2.3396e-13;
1.2027e-13;
8.2376e-14;
8.2169e-14;
3.6921e-14;
1.0438e-14;
7.7276e-15;
27;
13.5;
7.6085;
7.6085;
7.6085;
3.5254e-13;
1.3924e-13;
3.5026e-14;
3.4667e-14;
1.8426e-14;
9.9724e-15;
9;
4.5;
0.064571;
0.05024;
0.04783;
2.125e-06;
27;
13.736;
0.23617;
0.19225;
0.047181;
0.047171;
0.047161;
3.8336e-06;
27;
13.5;
3.3835;
3.3835;
3.3835;
2.3391e-13;
81;
81;
40.5;
24.907;
24.907;
24.907;
24.907;
24.907;
24.907;
7.8364e-14;
5.8158e-14;
3.377e-14;
9;
4.5;
2.5202;
2.5202;
2.5202;
2.2962e-13;
8.0718e-14;
3.3105e-14;
2.4083e-14;
1.3129e-14;
1.0701e-14;
8.7935e-15;
9;
4.5;
3.3812;
0.16616;
0.14515;
0.0037337;
2.1469e-05;
81;
40.5;
40.013;
38.51;
38.455;
38.408;
38.405;
38.403;
38.403;
38.403;
38.403;
38.403;
38.403;
38.403;
38.403;
38.403;
38.403;
38.403;
38.403;
38.403;
38.403;
38.403;
38.403;
1.0221e-13;
3.5375e-14;
2.1691e-14;
8.4274e-15;
3.7993e-15;
27;
13.5;
7.514;
0.64822;
0.60293;
0.07571;
0.07571;
3.2164e-05;
27;
13.5;
12.519;
3.1101;
2.3984;
0.39504;
0.3939;
0.0034876;
81;
81;
27;
13.5;
7.9517;
7.9517;
7.9517;
4.1313e-13;
1.3467e-13;
8.2559e-14;
8.2342e-14;
3.33e-14;
1.2096e-14;
9.0984e-15;
27;
13.5;
10.477;
3.1025;
2.9711;
0.20667;
0.19872;
0.19353;
0.19353;
81;
40.5;
34.656;
34.562;
34.529;
34.528;
34.528;
34.528;
34.528;
34.528;
34.528;
34.528;
34.528;
34.528;
34.528;
34.528;
9.3929e-14;
3.4255e-14;
2.6044e-14;
1.7042e-14;
81;
27;
13.5;
13.287;
3.0632;
2.2883;
0.37631;
0.37172;
0.0045446;
81;
81;
40.5;
28.808;
28.808;
28.808;
2.3391e-13;
27;
13.5;
7.4378;
7.4378;
7.4378;
1.3038e-13;
4.4474e-14;
81;
81;
27;
81;
40.5;
25.121;
25.121;
25.121;
25.121;
25.121;
25.121;
1.184e-13;
4.04e-14;
1.8656e-14;
1.6388e-14;
27;
27;
13.5;
9.8174;
2.6789;
2.5205;
0.13145;
0.12609;
0.12354;
9.5984e-06;
81;
40.5;
26.617;
26.617;
5.2546e-09;
81;
40.5;
40.045;
38.705;
38.651;
38.606;
38.602;
38.601;
38.601;
38.6;
38.6;
38.6;
38.6;
38.6;
38.6;
38.6;
38.6;
38.6;
38.6;
38.6;
38.6;
38.6;
4.6358e-14;
2.5149e-14;
2.3934e-14;
27;
13.5;
12.513;
3.116;
2.4102;
0.39801;
0.39681;
0.0035451;
1.8143e-05;
27;
13.5;
12.5;
12.5;
12.5;
2.6015e-13;
8.0885e-14;
2.4041e-14;
27;
13.5;
10.552;
3.1464;
3.0192;
0.21672;
0.20846;
0.20289;
0.20289;
81;
40.5;
16.053;
16.053;
7.5819e-09;
3;
3;
1.5;
1.1344;
0.0071151;
0.0065041;
0.0064886;
6.0662e-06;
81;
40.5;
34.794;
34.694;
34.659;
34.658;
34.658;
34.658;
34.658;
34.658;
34.658;
34.658;
34.658;
34.658;
34.658;
6.9294e-14;
3.7119e-14;
1.6689e-14;
81;
40.5;
16.375;
16.375;
1.9651e-08;
5.4309e-13;
1.4859e-13;
81;
40.5;
40.057;
38.298;
38.242;
38.191;
38.188;
38.187;
38.186;
38.186;
38.186;
38.186;
38.186;
38.186;
38.186;
38.186;
38.186;
38.186;
38.186;
38.186;
38.186;
1.04e-13;
3.043e-14;
2.2318e-14;
1.8178e-14;
9;
4.5;
3.5854;
3.5854;
3.5854;
9.7444e-14;
8.8689e-14;
7.0092e-14;
2.8747e-14;
1.7158e-14;
1.3836e-14;
9;
4.5;
4.0538;
0.11822;
0.094914;
0.0032897;
81;
27;
9;
4.5;
3.8049;
0.10675;
0.072924;
0.071011;
0.071009;
81;
81;
9;
4.5;
0.048284;
0.02976;
0.028997;
3.7204e-05;
27;
13.5;
0.99921;
0.99921;
4.7993e-10;
2.326e-10;
27;
13.5;
5.019;
5.019;
5.019;
2.3391e-13;
27;
13.5;
12.749;
2.7957;
1.8303;
0.22822;
0.22739;
0.00049468;
27;
13.5;
2.7417;
2.2019;
1.0511;
1.0504;
0.0011751;
81;
27;
13.5;
3.3898;
3.3898;
3.3898;
2.3391e-13;
20.25;
10.125;
9.5242;
1.4224;
1.1034;
0.13394;
0.133;
0.13248;
2.412e-05;
91.125;
45.562;
9.9364;
0.76377;
0.10141;
0.10141;
4.4567e-14;
2.1073e-14;
2.0363e-14;
4.5;
410.06;
205.03;
132.67;
130.95;
128.05;
128.05;
128.05;
2.3429e-13;
6.376e-14;
6.332e-14;
3.0161e-14;
1.7303e-14;
91.125;
45.562;
34.525;
34.525;
7.1774e-10;
20.25;
10.125;
9.3404;
1.5675;
1.279;
0.15537;
0.15409;
0.15332;
20.25;
10.125;
1.2392;
0.73621;
0.36205;
0.36203;
0.36189;
91.125;
45.562;
37.681;
37.383;
37.246;
37.237;
37.234;
37.233;
37.233;
37.233;
37.233;
37.233;
37.233;
37.233;
37.233;
37.233;
37.233;
37.233;
37.233;
37.233;
2.5137e-13;
8.8641e-14;
4.1339e-14;
2.165e-14;
1.0937e-14;
91.125;
45.563;
33.295;
33.295;
33.295;
2.3391e-13;
20.25;
10.125;
6.2573;
0.86788;
0.83826;
0.03609;
0.03591;
0.035801;
91.125;
20.25;
10.125;
3.5311;
3.5311;
3.5311;
4.0967e-13;
1.1086e-13;
91.125;
91.125;
20.25;
10.125;
5.4629;
5.4629;
5.4629;
2.3382e-13;
7.0395e-14;
3.4868e-14;
1.9821e-14;
91.125;
45.562;
36.584;
36.394;
36.291;
36.286;
36.285;
36.285;
36.285;
36.285;
36.285;
36.285;
36.285;
36.285;
36.285;
36.285;
36.285;
36.285;
8.3106e-14;
4.1859e-14;
2.3904e-14;
2.2539e-14;
8.5389e-15;
91.125;
45.562;
34.493;
34.425;
34.373;
34.372;
34.372;
34.372;
34.372;
34.372;
34.372;
34.372;
34.372;
34.372;
34.372;
1.002e-13;
5.0534e-14;
2.2033e-14;
2.14e-14;
1.1076e-14;
91.125;
410.06;
205.03;
136.46;
133.25;
128.62;
128.62;
128.62;
2.3402e-13;
1.2033e-13;
91.125;
91.125;
45.562;
8.7007;
0.41198;
0.13605;
0.13605;
8.9518e-14;
3.2014e-14;
2.3201e-14;
91.125;
45.562;
28.543;
28.542;
28.539;
28.539;
28.539;
28.539;
28.539;
28.539;
28.539;
28.539;
28.539;
6.8927e-13;
2.3143e-13;
1.0047e-13;
4.5238e-14;
1.9883e-14;
1.0277e-14;
2.7293e-15;
20.25;
10.125;
9.3614;
1.1096;
0.69774;
0.64179;
0.00019996;
3.5163e-05;
91.125;
45.562;
40.288;
39.586;
39.377;
39.34;
39.33;
39.328;
39.327;
39.327;
39.327;
39.327;
39.327;
39.327;
39.327;
39.327;
39.327;
39.327;
39.327;
39.327;
39.327;
39.327;
39.327;
39.327;
8.948e-14;
4.3083e-14;
1.7683e-14;
1.4171e-14;
1.2089e-14;
1.0678e-14;
5.9704e-15;
91.125;
45.562;
31.183;
31.174;
31.162;
31.162;
31.162;
31.162;
31.162;
31.162;
31.162;
31.162;
4.8797e-14;
2.0262e-14;
1.8471e-14;
91.125;
45.562;
26.498;
26.498;
26.497;
26.497;
26.497;
26.497;
2.3144e-12;
1.2674e-13;
20.25;
10.125;
10.022;
0.70681;
0.45585;
0.043417;
0.043264;
4.3375e-05;
91.125;
45.562;
21.204;
21.204;
21.204;
21.204;
8.0648e-12;
6.3819e-13;
1.9608e-13;
1.2029e-13;
91.125;
45.562;
31.741;
31.728;
31.713;
31.713;
31.713;
31.713;
31.713;
31.713;
31.713;
31.713;
31.713;
1.1558e-14;
9.4996e-15;
3.3936e-15;
91.125;
45.562;
30.137;
30.137;
3.2261e-09;
1.8603e-10;
91.125;
45.562;
31.635;
31.635;
4.9135e-09;
91.125;
91.125;
45.562;
44.778;
41.125;
40.927;
40.72;
40.696;
40.682;
40.68;
40.679;
40.679;
40.679;
40.679;
40.679;
40.679;
40.679;
40.679;
40.679;
40.679;
40.679;
40.679;
40.679;
40.679;
40.679;
40.679;
40.679;
40.679;
1.074e-13;
7.8326e-14;
2.2453e-14;
1.6452e-14;
8.6682e-15;
7.7514e-15;
91.125;
45.562;
36.077;
35.926;
35.837;
35.834;
35.833;
35.833;
35.833;
35.833;
35.833;
35.833;
35.833;
35.833;
35.833;
35.833;
35.833;
35.833;
35.833;
6.9334e-14;
3.6055e-14;
2.0897e-14;
91.125;
45.562;
38.87;
38.473;
38.297;
38.28;
38.275;
38.274;
38.274;
38.274;
38.274;
38.274;
38.274;
38.274;
38.274;
38.274;
38.274;
38.274;
38.274;
38.274;
38.274;
38.274;
2.1012e-13;
7.8025e-14;
4.1714e-14;
3.57e-14;
2.6885e-14;
2.6445e-14;
1.1132e-14;
91.125;
45.562;
33.161;
33.129;
33.1;
33.1;
33.099;
33.099;
33.099;
33.099;
33.099;
33.099;
33.099;
9.0402e-14;
7.1442e-14;
2.9488e-14;
4.2963e-15;
3.3391e-15;
20.25;
10.125;
9.2923;
1.5977;
1.3185;
0.15947;
0.1581;
0.15726;
1.3073e-05;
4.5;
2.25;
1.0655;
1.0655;
1.0022e-13;
6.6105e-14;
1.6647e-14;
1.1369e-14;
91.125;
45.562;
12.076;
0.69185;
0.045524;
1.1013e-13;
2.5892e-14;
1.9204e-14;
6.8785e-15;
4.5;
2.25;
0.03551;
0.03551;
2.4382e-13;
8.6411e-14;
3.9188e-14;
3.5228e-14;
20.25;
10.125;
7.7644;
7.7644;
7.7644;
2.3465e-13;
7.6176e-14;
4.1725e-14;
2.1055e-14;
1.7438e-14;
9.8028e-15;
20.25;
10.125;
1.0857;
0.63681;
0.29777;
0.29773;
0.29764;
3.5201e-05;
4.5;
20.25;
10.258;
0.13686;
0.13336;
0.028657;
0.028654;
0.028651;
91.125;
45.562;
36.76;
36.555;
36.446;
36.442;
36.44;
36.44;
36.44;
36.44;
36.44;
36.44;
36.44;
36.44;
36.44;
36.44;
36.44;
36.44;
36.44;
36.44;
3.4583e-14;
1.4619e-14;
91.125;
45.562;
37.055;
37.055;
37.055;
2.3391e-13;
20.25;
10.125;
0.78267;
0.43236;
0.17615;
0.17613;
0.17609;
1.8886e-05;
91.125;
45.562;
22.957;
22.957;
22.957;
22.957;
1.8322e-10;
2.541e-13;
8.1595e-14;
3.4226e-14;
3.2743e-14;
1.5982e-14;
91.125;
45.562;
36.93;
36.93;
36.93;
2.3392e-13;
91.125;
91.125;
45.562;
36.956;
30.73;
30.724;
30.719;
30.719;
30.719;
30.719;
30.719;
30.719;
30.719;
1.2335e-13;
4.843e-14;
3.2128e-14;
1.6661e-14;
91.125;
45.562;
10.785;
0.89734;
0.079181;
0.079181;
1.8496e-13;
5.6762e-14;
4.9183e-14;
410.06;
205.03;
149.62;
139.37;
9.6329;
7.9316e-06;
7.9309e-06;
2.8975e-13;
1.0824e-13;
5.2656e-14;
91.125;
45.562;
44.201;
40.902;
40.701;
40.52;
40.498;
40.487;
40.485;
40.484;
40.484;
40.484;
40.484;
40.484;
40.484;
40.484;
40.484;
40.484;
40.484;
40.484;
40.484;
40.484;
40.484;
40.484;
40.484;
40.484;
40.484;
5.062e-14;
2.4371e-14;
1.0956e-14;
7.2802e-15;
20.25;
91.125;
45.562;
38.146;
38.067;
37.902;
37.896;
37.892;
37.891;
37.891;
37.891;
37.891;
37.891;
37.891;
37.891;
37.891;
37.891;
37.891;
37.891;
37.891;
37.891;
37.891;
7.8329e-14;
6.942e-14;
3.3239e-14;
1.9028e-14;
8.6712e-15;
91.125;
45.562;
21.976;
21.976;
21.976;
21.976;
3.324e-11;
9.1066e-13;
2.3382e-13;
2.3374e-13;
7.8891e-14;
2.7355e-14;
91.125;
45.562;
35.539;
35.423;
35.348;
35.346;
35.345;
35.345;
35.345;
35.345;
35.345;
35.345;
35.345;
35.345;
35.345;
35.345;
1.0199e-13;
3.7665e-14;
2.2093e-14;
1.4875e-14;
91.125;
45.562;
34.641;
34.641;
34.641;
2.3391e-13;
410.06;
205.03;
127.73;
127.47;
126.91;
126.91;
1.1365e-13;
1.7008e-14;
1.6788e-14;
4.5;
91.125;
45.562;
11.989;
0.74159;
0.047985;
1.2556e-13;
4.5666e-14;
2.0893e-14;
410.06;
205.03;
165.73;
144.21;
14.202;
0.39517;
0.39517;
0.39517;
2.3391e-13;
91.125;
45.562;
33.091;
32.84;
32.815;
32.814;
32.814;
32.814;
32.814;
32.814;
32.814;
32.814;
32.814;
8.0692e-14;
3.0231e-14;
2.1944e-14;
91.125;
91.125;
91.125;
45.562;
34.196;
34.138;
34.092;
34.091;
34.091;
34.091;
34.091;
34.091;
34.091;
34.091;
34.091;
34.091;
34.091;
3.3162e-13;
1.1615e-13;
5.1141e-14;
2.4442e-14;
1.4598e-14;
4.7767e-15;
20.25;
10.125;
6.3232;
0.99644;
0.98691;
0.079634;
0.079529;
0.0001248;
4.5;
2.25;
0.070417;
0.068182;
0.066988;
91.125;
45.562;
24.65;
24.65;
24.65;
24.65;
24.65;
24.65;
6.6985e-14;
3.9823e-14;
1.8088e-14;
8.388e-15;
20.25;
10.125;
9.8648;
0.99507;
0.67973;
0.072471;
0.072128;
0.071998;
0.00017311;
91.125;
20.25;
91.125;
45.563;
34.269;
34.269;
34.269;
2.3391e-13;
91.125;
45.562;
33.497;
33.459;
33.424;
33.424;
33.424;
33.424;
33.424;
33.424;
33.424;
33.424;
33.424;
33.424;
1.2667e-13;
5.6286e-14;
3.5167e-14;
1.8581e-14;
1.1636e-14;
20.25;
10.125;
9.2857;
9.2857;
9.2857;
2.0282e-13;
6.338e-14;
4.4432e-14;
2.9274e-14;
91.125;
45.562;
40.01;
30.363;
30.359;
30.354;
30.354;
30.354;
30.354;
30.354;
30.354;
30.354;
1.7635e-13;
5.7819e-14;
2.3803e-14;
1.3766e-14;
91.125;
91.125;
45.562;
23.319;
23.319;
23.319;
23.319;
3.3065e-10;
2.2164e-13;
7.0771e-14;
3.3181e-14;
2.9545e-14;
91.125;
45.562;
30.244;
30.244;
4.0212e-09;
91.125;
20.25;
10.125;
1.002;
1.002;
1.002;
2.3392e-13;
20.25;
10.125;
7.7156;
1.4757;
1.3304;
0.13249;
0.13201;
0.00040269;
91.125;
45.562;
23.35;
23.35;
23.35;
23.35;
3.4757e-10;
2.408e-13;
8.0412e-14;
3.235e-14;
1.7253e-14;
1.3331e-14;
91.125;
45.562;
11.851;
0.80172;
0.051763;
0.051763;
2.4757e-13;
8.3379e-14;
4.4622e-14;
1.8559e-14;
6.726e-15;
3.9372e-15;
91.125;
4.5;
20.25;
10.125;
7.3417;
1.3485;
1.238;
0.11654;
0.11618;
0.00030469;
91.125;
45.562;
37.718;
37.564;
0.0045275;
0.0009202;
0.00085361;
4.5;
2.25;
1.4533;
1.4533;
2.3999e-13;
9.5294e-14;
6.1336e-14;
6.026e-14;
2.1011e-14;
20.25;
10.125;
9.1834;
1.2831;
0.89064;
0.09078;
0.0001213;
91.125;
45.562;
39.672;
39.083;
38.888;
38.861;
38.853;
38.851;
38.851;
38.851;
38.851;
38.851;
38.851;
38.851;
38.851;
38.851;
38.851;
38.851;
38.851;
38.851;
38.851;
38.851;
1.1161e-13;
3.876e-14;
2.8907e-14;
1.7065e-14;
1.5158e-14;
20.25;
10.125;
4.2363;
4.2363;
4.2363;
2.3392e-13;
2.3362e-13;
7.8048e-14;
3.8158e-14;
1.8426e-14;
9.9129e-15;
7.3948e-15;
91.125;
20.25;
10.125;
8.8895;
3.2404;
3.1927;
0.14719;
0.1424;
0.0036407;
5.3098e-05;
91.125;
45.562;
29.089;
29.087;
29.083;
29.083;
29.083;
29.083;
29.083;
29.083;
29.083;
4.8939e-14;
3.9328e-14;
4.7112e-15;
20.25;
91.125;
45.562;
33.093;
32.825;
32.8;
32.799;
32.799;
32.799;
32.799;
32.799;
32.799;
32.799;
32.799;
7.99e-14;
2.7853e-14;
410.06;
205.03;
131.98;
130.5;
127.93;
127.93;
127.93;
2.3393e-13;
6.3405e-14;
6.2908e-14;
2.6275e-14;
1.2048e-14;
9.854e-15;
4.5;
2.25;
1.9905;
0.12302;
0.12059;
0.0010791;
0.00023279;
2.507e-05;
200;
100;
100;
100;
2.3348e-13;
6.2949e-14;
6.1789e-14;
2.3381e-14;
1.8321e-14;
9.586e-15;
0.0099;
0.0055709;
0.00495;
0.0039015;
0.0033453;
0.0027745;
0.0023746;
0.002021;
0.0017445;
0.00151;
0.0013182;
0.0011565;
0.00013774;
0.00013511;
5.6499e-05;
1.773e-05;
1.4116e-05;
6.8295e-06;
9.3455e-07;
3.0749e-07;
2.604e-07;
8.684e-08;
7.6942e-08;
2.234e-08;
2.2319e-08;
8.4165e-09;
7.9155e-09;
2.2763e-09;
1.6942e-09;
5.6528e-10;
4.37e-10;
1.0282e-10;
